1	2 |(0, 1, 0) +(0,0,0) @(0,0,0) t_l=(0,0,0)
2	2 |(0, 1, 0) +(0,0,0) @(0,0,0) t_l=(0,0,0)
3	3^-1 |(0, 0, 1) +(0,0,0) @(0,0,0) t_l=(0,0,0)
4	3 |(0, 0, 1) +(0,0,0) @(0,0,0) t_l=(0,0,0)
5	2 |(1, 1, 0) +(0,0,0) @(0,0,0) t_l=(0,0,0)
6	2 |(1, 0, 0) +(0,0,0) @(0,0,0) t_l=(0,0,0)
7	6^-1 |(0, 0, 1) +(0,0,5/6) @(0,0,0) t_l=(0,0,0)
8	2 |(2, 1, 0) +(0,0,0) @(0,0,1/12) t_l=(0,0,5/6)
9	2 |(1, 0, 0) +(0,0,0) @(0,0,0) t_l=(0,0,0)
10	6 |(0, 0, 1) +(0,0,1/6) @(0,0,0) t_l=(0,0,0)
11	2 |(-1, 1, 0) +(0,0,0) @(0,0,5/12) t_l=(0,0,1/6)
12	2 |(2, 1, 0) +(0,0,0) @(0,0,1/12) t_l=(0,0,5/6)
13	2 |(1, 1, 0) +(0,0,0) @(0,0,1/6) t_l=(0,0,2/3)
14	6 |(0, 0, 1) +(0,0,1/6) @(0,0,0) t_l=(0,0,0)
15	2 |(-1, 1, 0) +(0,0,0) @(0,0,5/12) t_l=(0,0,1/6)
16	6^-1 |(0, 0, 1) +(0,0,5/6) @(0,0,0) t_l=(0,0,0)
17	2 |(0, 1, 0) +(0,0,0) @(0,0,1/4) t_l=(0,0,1/2)
18	2 |(0, 1, 0) +(0,1/2,0) @(1/4,0,1/4) t_l=(1/2,0,1/2)
19	2 |(1, 0, 0) +(1/2,0,0) @(0,1/4,0) t_l=(0,1/2,0)
20	2 |(0, 0, 1) +(0,0,1/2) @(1/4,1/4,0) t_l=(1/2,1/2,0)
21	2 |(0, 0, 1) +(0,0,1/2) @(1/4,1/4,0) t_l=(1/2,1/2,0)
22	2 |(0, 1, 0) +(0,1/2,0) @(1/4,0,1/4) t_l=(1/2,0,1/2)
23	1 |(0, 0, 0) +(0,0,0) @(0,0,0) t_l=(0,0,0)
24	2 |(0, 1, 0) +(0,1/2,0) @(0,0,1/4) t_l=(0,0,1/2)
25	2 |(0, 1, 0) +(0,1/2,0) @(0,0,1/4) t_l=(0,0,1/2)
26	2 |(1, 0, 0) +(1/2,0,0) @(0,1/4,0) t_l=(0,1/2,0)
27	2 |(0, 0, 1) +(0,0,1/2) @(1/4,0,0) t_l=(1/2,0,0)
28	2 |(1, 0, 0) +(1/2,0,0) @(0,1/4,0) t_l=(0,1/2,0)
29	1 |(0, 0, 0) +(0,0,0) @(0,0,0) t_l=(0,0,0)
30	2 |(0, 1, 0) +(0,1/2,0) @(0,0,1/4) t_l=(0,0,1/2)
31	2 |(0, 0, 1) +(0,0,1/2) @(1/4,0,0) t_l=(1/2,0,0)
32	2 |(1, 0, 0) +(1/2,0,0) @(0,1/4,0) t_l=(0,1/2,0)
33	2 |(1, 0, 0) +(1/2,0,0) @(0,1/4,0) t_l=(0,1/2,0)
34	1 |(0, 0, 0) +(0,0,0) @(0,0,0) t_l=(0,0,0)
35	2 |(0, 1, 0) +(0,1/2,0) @(0,0,1/4) t_l=(0,0,1/2)
36	2 |(1, 0, 0) +(1/2,0,0) @(0,1/4,0) t_l=(0,1/2,0)
37	2 |(0, 1, 0) +(0,1/2,0) @(0,0,1/4) t_l=(0,0,1/2)
38	2 |(1, 0, 0) +(1/2,0,0) @(0,1/4,0) t_l=(0,1/2,0)
39	1 |(0, 0, 0) +(0,0,0) @(0,0,0) t_l=(0,0,0)
40	2 |(1, 1, 0) +(0,0,0) @(0,0,1/6) t_l=(0,0,2/3)
41	2 |(2, 1, 0) +(0,0,0) @(0,0,1/12) t_l=(0,0,5/6)
42	6 |(0, 0, 1) +(0,0,1/6) @(0,0,0) t_l=(0,0,0)
43	2 |(-1, 1, 0) +(0,0,0) @(0,0,5/12) t_l=(0,0,1/6)
44	3^-1 |(0, 0, 1) +(0,0,2/3) @(0,0,0) t_l=(0,0,0)
45	2 |(1, 1, 0) +(0,0,0) @(0,0,1/6) t_l=(0,0,2/3)
46	6^-1 |(0, 0, 1) +(0,0,5/6) @(0,0,0) t_l=(0,0,0)
47	2 |(1, 1, 0) +(0,0,0) @(0,0,1/6) t_l=(0,0,2/3)
48	2 |(2, 1, 0) +(0,0,0) @(0,0,1/12) t_l=(0,0,5/6)
49	6 |(0, 0, 1) +(0,0,1/6) @(0,0,0) t_l=(0,0,0)
50	2 |(-1, 1, 0) +(0,0,0) @(0,0,5/12) t_l=(0,0,1/6)
51	3^-1 |(0, 0, 1) +(0,0,2/3) @(0,0,0) t_l=(0,0,0)
52	2 |(1, 1, 0) +(0,0,0) @(0,0,1/6) t_l=(0,0,2/3)
53	6^-1 |(0, 0, 1) +(0,0,5/6) @(0,0,0) t_l=(0,0,0)
54	1 |(0, 0, 0) +(0,0,0) @(0,0,0) t_l=(0,0,0)
55	1 |(0, 0, 0) +(0,0,0) @(0,0,0) t_l=(0,0,0)
56	2 |(0, 1, 0) +(0,1/2,0) @(0,0,0) t_l=(0,0,0)
57	1 |(0, 0, 0) +(0,0,0) @(0,0,0) t_l=(0,0,0)
58	1 |(0, 0, 0) +(0,0,0) @(0,0,0) t_l=(0,0,0)
59	2 |(0, 1, 0) +(0,1/2,0) @(0,0,0) t_l=(0,0,0)
60	1 |(0, 0, 0) +(0,0,0) @(0,0,0) t_l=(0,0,0)
61	1 |(0, 0, 0) +(0,0,0) @(0,0,0) t_l=(0,0,0)
62	2 |(0, 1, 0) +(0,1/2,0) @(0,0,0) t_l=(0,0,0)
63	2 |(0, 1, 0) +(0,1/2,0) @(0,0,0) t_l=(0,0,0)
64	1 |(0, 0, 0) +(0,0,0) @(0,0,0) t_l=(0,0,0)
65	2 |(0, 1, 0) +(0,1/2,0) @(0,0,0) t_l=(0,0,0)
66	2 |(0, 1, 0) +(0,1/2,0) @(0,0,0) t_l=(0,0,0)
67	1 |(0, 0, 0) +(0,0,0) @(0,0,0) t_l=(0,0,0)
68	2 |(2, 1, 0) +(0,0,0) @(0,0,1/4) t_l=(0,0,1/2)
69	2 |(1, 0, 0) +(0,0,0) @(0,0,0) t_l=(0,0,0)
70	2 |(1, 2, 0) +(0,0,0) @(0,0,1/4) t_l=(0,0,1/2)
71	3^-1 |(0, 0, 1) +(0,0,0) @(0,0,0) t_l=(0,0,0)
72	3 |(0, 0, 1) +(0,0,0) @(0,0,0) t_l=(0,0,0)
73	2 |(1, 1, 0) +(1/2,1/2,0) @(1/4,0,1/8) t_l=(3/4,1/4,3/4)
74	3^-1 |(1, 1, 1) +(0,0,0) @(0,0,0) t_l=(0,0,0)
75	3 |(1, 1, 1) +(0,0,0) @(0,0,0) t_l=(0,0,0)
76	2 |(0, 0, 1) +(0,0,0) @(0,1/4,0) t_l=(0,1/2,0)
77	3^-1 |(0, 0, 1) +(0,0,0) @(0,0,0) t_l=(0,0,0)
78	3 |(0, 0, 1) +(0,0,0) @(0,0,0) t_l=(0,0,0)
79	2 |(1, 1, 0) +(0,0,0) @(0,0,0) t_l=(0,0,0)
80	1 |(0, 0, 0) +(0,0,0) @(0,0,0) t_l=(0,0,0)
81	2 |(1, 1, 0) +(0,0,0) @(0,0,0) t_l=(0,0,0)
82	2 |(1, 1, 0) +(0,0,0) @(0,0,0) t_l=(0,0,0)
83	2 |(1, 1, 0) +(0,0,0) @(0,0,1/6) t_l=(0,0,2/3)
84	2 |(2, 1, 0) +(0,0,0) @(0,0,1/12) t_l=(0,0,5/6)
85	6 |(0, 0, 1) +(0,0,1/6) @(0,0,0) t_l=(0,0,0)
86	2 |(-1, 1, 0) +(0,0,0) @(0,0,5/12) t_l=(0,0,1/6)
87	3^-1 |(0, 0, 1) +(0,0,2/3) @(0,0,0) t_l=(0,0,0)
88	2 |(1, 1, 0) +(0,0,0) @(0,0,1/6) t_l=(0,0,2/3)
89	6^-1 |(0, 0, 1) +(0,0,5/6) @(0,0,0) t_l=(0,0,0)
90	2 |(0, 1, 0) +(0,0,0) @(0,0,1/4) t_l=(0,0,1/2)
91	2 |(0, 1, 0) +(0,1/2,0) @(1/4,0,1/4) t_l=(1/2,0,1/2)
92	2 |(0, 0, 1) +(0,0,1/2) @(1/4,1/4,0) t_l=(1/2,1/2,0)
93	2 |(1, 0, 0) +(1/2,0,0) @(0,1/4,0) t_l=(0,1/2,0)
94	2 |(0, 0, 1) +(0,0,1/2) @(1/4,1/4,0) t_l=(1/2,1/2,0)
95	2 |(0, 1, 0) +(0,1/2,0) @(1/4,0,1/4) t_l=(1/2,0,1/2)
96	2 |(2, 1, 0) +(0,0,0) @(0,0,1/4) t_l=(0,0,1/2)
97	2 |(1, 0, 0) +(0,0,0) @(0,0,0) t_l=(0,0,0)
98	2 |(1, 2, 0) +(0,0,0) @(0,0,1/4) t_l=(0,0,1/2)
99	3^-1 |(0, 0, 1) +(0,0,0) @(0,0,0) t_l=(0,0,0)
100	3 |(0, 0, 1) +(0,0,0) @(0,0,0) t_l=(0,0,0)
101	2 |(0, 1, 0) +(0,1/2,0) @(0,0,0) t_l=(0,0,0)
102	2 |(0, 1, 0) +(0,1/2,0) @(0,0,0) t_l=(0,0,0)
103	1 |(0, 0, 0) +(0,0,0) @(0,0,0) t_l=(0,0,0)
104	2 |(0, 1, 0) +(0,1/2,0) @(0,0,0) t_l=(0,0,0)
105	1 |(0, 0, 0) +(0,0,0) @(0,0,0) t_l=(0,0,0)
106	2 |(0, 1, 0) +(0,1/2,0) @(0,0,0) t_l=(0,0,0)
107	1 |(0, 0, 0) +(0,0,0) @(0,0,0) t_l=(0,0,0)
108	2 |(0, 1, 0) +(0,1/2,0) @(0,0,0) t_l=(0,0,0)
109	2 |(1, 0, 0) +(0,0,0) @(0,1/4,1/8) t_l=(0,1/2,3/4)
110	4 |(0, 0, 1) +(0,0,3/4) @(1/4,1/4,0) t_l=(1/2,0,0)
111	2 |(0, 0, 1) +(0,0,0) @(0,0,0) t_l=(0,0,0)
112	2 |(-1, 1, 0) +(0,0,0) @(0,0,0) t_l=(0,0,0)
113	4 |(0, 0, 1) +(0,0,1/4) @(3/4,1/4,0) t_l=(0,1/2,0)
114	4^-1 |(0, 0, 1) +(0,0,1/4) @(1/4,1/4,0) t_l=(0,1/2,0)
115	2 |(1, 1, 0) +(1/2,1/2,0) @(1/6,0,1/6) t_l=(5/6,1/6,2/3)
116	2 |(1, 0, 0) +(0,0,0) @(0,1/3,1/3) t_l=(2/3,1/3,1/3)
117	3 |(0, 0, 1) +(0,0,0) @(0,0,0) t_l=(0,0,0)
118	3^-1 |(0, 0, 1) +(0,0,0) @(0,0,0) t_l=(0,0,0)
119	2 |(0, 1, 0) +(0,0,0) @(1/3,0,1/6) t_l=(1/3,2/3,2/3)
120	3^-1 |(0, 0, 1) +(0,0,0) @(0,0,0) t_l=(0,0,0)
121	3 |(0, 0, 1) +(0,0,0) @(0,0,0) t_l=(0,0,0)
122	2 |(1, 1, 0) +(0,0,0) @(0,0,1/6) t_l=(0,0,2/3)
123	2 |(2, 1, 0) +(0,0,0) @(0,0,1/12) t_l=(0,0,5/6)
124	6 |(0, 0, 1) +(0,0,1/6) @(0,0,0) t_l=(0,0,0)
125	2 |(-1, 1, 0) +(0,0,0) @(0,0,5/12) t_l=(0,0,1/6)
126	6^-1 |(0, 0, 1) +(0,0,5/6) @(0,0,0) t_l=(0,0,0)
127	2 |(1, 1, 0) +(0,0,0) @(0,0,1/6) t_l=(0,0,2/3)
128	2 |(1, 1, 0) +(0,0,0) @(0,0,1/6) t_l=(0,0,2/3)
129	6 |(0, 0, 1) +(0,0,1/6) @(0,0,0) t_l=(0,0,0)
130	2 |(2, 1, 0) +(0,0,0) @(0,0,1/12) t_l=(0,0,5/6)
131	2 |(-1, 1, 0) +(0,0,0) @(0,0,5/12) t_l=(0,0,1/6)
132	3^-1 |(0, 0, 1) +(0,0,2/3) @(0,0,0) t_l=(0,0,0)
133	2 |(1, 1, 0) +(0,0,0) @(0,0,1/6) t_l=(0,0,2/3)
134	6^-1 |(0, 0, 1) +(0,0,5/6) @(0,0,0) t_l=(0,0,0)
135	2 |(1, 0, 0) +(1/2,0,0) @(0,1/4,0) t_l=(0,1/2,0)
136	2 |(1, 0, 0) +(1/2,0,0) @(0,1/4,0) t_l=(0,1/2,0)
137	2 |(1, 0, 0) +(1/2,0,0) @(0,1/4,0) t_l=(0,1/2,0)
138	1 |(0, 0, 0) +(0,0,0) @(0,0,0) t_l=(0,0,0)
139	2 |(0, 1, 0) +(0,1/2,0) @(0,0,1/4) t_l=(0,0,1/2)
140	1 |(0, 0, 0) +(0,0,0) @(0,0,0) t_l=(0,0,0)
141	2 |(0, 1, 0) +(0,1/2,0) @(0,0,1/4) t_l=(0,0,1/2)
142	2 |(1, 0, 0) +(1/2,0,0) @(0,1/4,0) t_l=(0,1/2,0)
143	2 |(0, 1, 0) +(0,1/2,0) @(0,0,1/4) t_l=(0,0,1/2)
144	1 |(0, 0, 0) +(0,0,0) @(0,0,0) t_l=(0,0,0)
145	2 |(-1, 1, 0) +(0,0,0) @(0,0,1/4) t_l=(0,0,1/2)
146	2 |(1, 0, 0) +(0,0,0) @(0,0,0) t_l=(0,0,0)
147	2 |(1, 0, 0) +(0,0,0) @(0,0,0) t_l=(0,0,0)
148	2 |(1, 2, 0) +(0,0,0) @(0,0,1/4) t_l=(0,0,1/2)
149	3 |(0, 0, 1) +(0,0,0) @(0,0,0) t_l=(0,0,0)
150	3^-1 |(0, 0, 1) +(0,0,0) @(0,0,0) t_l=(0,0,0)
151	2 |(1, 1, 0) +(0,0,0) @(0,0,1/6) t_l=(0,0,2/3)
152	2 |(2, 1, 0) +(0,0,0) @(0,0,1/12) t_l=(0,0,5/6)
153	6 |(0, 0, 1) +(0,0,1/6) @(0,0,0) t_l=(0,0,0)
154	2 |(-1, 1, 0) +(0,0,0) @(0,0,5/12) t_l=(0,0,1/6)
155	3^-1 |(0, 0, 1) +(0,0,2/3) @(0,0,0) t_l=(0,0,0)
156	2 |(1, 1, 0) +(0,0,0) @(0,0,1/6) t_l=(0,0,2/3)
157	6^-1 |(0, 0, 1) +(0,0,5/6) @(0,0,0) t_l=(0,0,0)
158	2 |(2, 1, 0) +(0,0,0) @(0,0,1/12) t_l=(0,0,5/6)
159	2 |(1, 2, 0) +(0,0,0) @(0,0,1/4) t_l=(0,0,1/2)
160	6 |(0, 0, 1) +(0,0,1/6) @(0,0,0) t_l=(0,0,0)
161	2 |(1, 0, 0) +(0,0,0) @(0,0,0) t_l=(0,0,0)
162	2 |(1, 0, 0) +(0,0,0) @(0,0,0) t_l=(0,0,0)
163	1 |(0, 0, 0) +(0,0,0) @(0,0,0) t_l=(0,0,0)
164	6 |(0, 0, 1) +(0,0,0) @(0,0,0) t_l=(0,0,0)
165	3^-1 |(0, 0, 1) +(0,0,0) @(0,0,0) t_l=(0,0,0)
166	1 |(0, 0, 0) +(0,0,0) @(0,0,0) t_l=(0,0,0)
167	3 |(0, 0, 1) +(0,0,0) @(0,0,0) t_l=(0,0,0)
168	6^-1 |(0, 0, 1) +(0,0,0) @(0,0,0) t_l=(0,0,0)
169	2 |(1, 1, 0) +(1/2,1/2,0) @(1/6,0,1/6) t_l=(5/6,1/6,2/3)
170	3 |(0, 0, 1) +(0,0,0) @(0,0,0) t_l=(0,0,0)
171	2 |(0, 1, 0) +(0,0,0) @(1/3,0,1/6) t_l=(1/3,2/3,2/3)
172	3^-1 |(0, 0, 1) +(0,0,0) @(0,0,0) t_l=(0,0,0)
173	3 |(0, 0, 1) +(0,0,0) @(0,0,0) t_l=(0,0,0)
174	2 |(1, 0, 0) +(1/2,0,0) @(0,1/4,0) t_l=(0,1/2,0)
175	2 |(1, 0, 0) +(0,0,0) @(0,0,0) t_l=(0,0,0)
176	2 |(0, 1, 0) +(0,0,0) @(0,0,1/4) t_l=(0,0,1/2)
177	2 |(1, 0, 0) +(1/2,0,0) @(0,1/4,0) t_l=(0,1/2,0)
178	2 |(1, 1, 0) +(1/2,1/2,0) @(1/6,0,1/6) t_l=(5/6,1/6,2/3)
179	3^-1 |(0, 0, 1) +(0,0,1/3) @(1/3,0,0) t_l=(1/3,2/3,0)
180	3 |(0, 0, 1) +(0,0,0) @(0,0,0) t_l=(0,0,0)
181	3^-1 |(0, 0, 1) +(0,0,0) @(0,0,0) t_l=(0,0,0)
182	2 |(0, 1, 0) +(0,0,0) @(0,0,0) t_l=(0,0,0)
183	2 |(0, 1, 0) +(0,0,0) @(0,0,0) t_l=(0,0,0)
184	3 |(0, 0, 1) +(0,0,2/3) @(0,1/3,0) t_l=(2/3,1/3,0)
185	2 |(1, 1, 0) +(0,0,0) @(0,0,0) t_l=(0,0,0)
186	2 |(1, 0, 0) +(0,0,0) @(0,1/3,1/3) t_l=(2/3,1/3,1/3)
187	2 |(0, 1, 0) +(0,0,0) @(0,0,1/4) t_l=(0,0,1/2)
188	2 |(0, 1, 0) +(0,1/2,0) @(1/4,0,1/4) t_l=(1/2,0,1/2)
189	2 |(1, 0, 0) +(1/2,0,0) @(0,1/4,0) t_l=(0,1/2,0)
190	2 |(0, 1, 0) +(0,1/2,0) @(1/4,0,1/4) t_l=(1/2,0,1/2)
191	2 |(0, 0, 1) +(0,0,1/2) @(1/4,1/4,0) t_l=(1/2,1/2,0)
192	2 |(1, 1, 0) +(0,0,0) @(0,0,1/6) t_l=(0,0,2/3)
193	2 |(2, 1, 0) +(0,0,0) @(0,0,1/12) t_l=(0,0,5/6)
194	6 |(0, 0, 1) +(0,0,1/6) @(0,0,0) t_l=(0,0,0)
195	2 |(-1, 1, 0) +(0,0,0) @(0,0,5/12) t_l=(0,0,1/6)
196	3^-1 |(0, 0, 1) +(0,0,2/3) @(0,0,0) t_l=(0,0,0)
197	2 |(1, 1, 0) +(0,0,0) @(0,0,1/6) t_l=(0,0,2/3)
198	6^-1 |(0, 0, 1) +(0,0,5/6) @(0,0,0) t_l=(0,0,0)
199	2 |(2, 1, 0) +(0,0,0) @(0,0,1/4) t_l=(0,0,1/2)
200	2 |(1, 1, 0) +(0,0,0) @(0,0,0) t_l=(0,0,0)
201	2 |(-1, 1, 0) +(0,0,0) @(0,0,1/4) t_l=(0,0,1/2)
202	3 |(0, 0, 1) +(0,0,0) @(0,0,0) t_l=(0,0,0)
203	1 |(0, 0, 0) +(0,0,0) @(0,0,0) t_l=(0,0,0)
204	2 |(0, 1, 0) +(0,1/2,0) @(0,0,1/4) t_l=(0,0,1/2)
205	2 |(1, 0, 0) +(1/2,0,0) @(0,1/4,0) t_l=(0,1/2,0)
206	2 |(1, 0, 0) +(1/2,0,0) @(0,1/4,0) t_l=(0,1/2,0)
207	2 |(0, 0, 1) +(0,0,1/2) @(1/4,0,0) t_l=(1/2,0,0)
208	2 |(0, 1, 0) +(0,1/2,0) @(0,0,1/4) t_l=(0,0,1/2)
209	1 |(0, 0, 0) +(0,0,0) @(0,0,0) t_l=(0,0,0)
210	2 |(0, 0, 1) +(0,0,1/2) @(1/4,0,0) t_l=(1/2,0,0)
211	2 |(0, 1, 0) +(0,1/2,0) @(0,0,1/4) t_l=(0,0,1/2)
212	2 |(0, 1, 0) +(0,1/2,0) @(0,0,1/4) t_l=(0,0,1/2)
213	2 |(1, 0, 0) +(1/2,0,0) @(0,1/4,0) t_l=(0,1/2,0)
214	2 |(1, 0, 0) +(1/2,0,0) @(0,1/4,0) t_l=(0,1/2,0)
215	2 |(0, 1, 0) +(0,1/2,0) @(0,0,1/4) t_l=(0,0,1/2)
216	2 |(0, 1, 0) +(0,1/2,0) @(0,0,1/4) t_l=(0,0,1/2)
217	2 |(1, 1, 0) +(0,0,0) @(0,0,1/6) t_l=(0,0,2/3)
218	6 |(0, 0, 1) +(0,0,1/6) @(0,0,0) t_l=(0,0,0)
219	2 |(2, 1, 0) +(0,0,0) @(0,0,1/12) t_l=(0,0,5/6)
220	2 |(-1, 1, 0) +(0,0,0) @(0,0,5/12) t_l=(0,0,1/6)
221	6^-1 |(0, 0, 1) +(0,0,5/6) @(0,0,0) t_l=(0,0,0)
222	3^-1 |(0, 0, 1) +(0,0,2/3) @(0,0,0) t_l=(0,0,0)
223	2 |(0, 1, 0) +(0,1/2,0) @(1/4,0,1/4) t_l=(1/2,0,1/2)
224	2 |(0, 1, 0) +(0,0,0) @(0,0,1/4) t_l=(0,0,1/2)
225	2 |(0, 0, 1) +(0,0,1/2) @(1/4,1/4,0) t_l=(1/2,1/2,0)
226	2 |(1, 0, 0) +(1/2,0,0) @(0,1/4,0) t_l=(0,1/2,0)
227	2 |(0, 0, 1) +(0,0,1/2) @(1/4,1/4,0) t_l=(1/2,1/2,0)
228	2 |(0, 1, 0) +(0,1/2,0) @(0,0,1/4) t_l=(0,0,1/2)
229	1 |(0, 0, 0) +(0,0,0) @(0,0,0) t_l=(0,0,0)
230	2 |(1, 0, 0) +(1/2,0,0) @(0,1/4,0) t_l=(0,1/2,0)
231	1 |(0, 0, 0) +(0,0,0) @(0,0,0) t_l=(0,0,0)
232	2 |(1, 0, 0) +(1/2,0,0) @(0,1/4,0) t_l=(0,1/2,0)
233	2 |(1, 0, 0) +(1/2,0,0) @(0,1/4,0) t_l=(0,1/2,0)
234	2 |(0, 1, 0) +(0,1/2,0) @(0,0,1/4) t_l=(0,0,1/2)
235	2 |(0, 1, 0) +(0,1/2,0) @(0,0,1/4) t_l=(0,0,1/2)
236	2 |(1, 0, 0) +(1/2,0,0) @(0,1/4,0) t_l=(0,1/2,0)
237	2 |(0, 1, 0) +(0,1/2,0) @(0,0,1/4) t_l=(0,0,1/2)
238	2 |(1, 1, 0) +(0,0,0) @(0,0,0) t_l=(0,0,0)
239	2 |(1, 1, 0) +(0,0,0) @(0,0,0) t_l=(0,0,0)
240	3^-1 |(0, 0, 1) +(0,0,0) @(0,0,0) t_l=(0,0,0)
241	3 |(0, 0, 1) +(0,0,0) @(0,0,0) t_l=(0,0,0)
242	2 |(1, 0, 0) +(0,0,0) @(0,0,0) t_l=(0,0,0)
243	2 |(-1, 1, 0) +(0,0,0) @(0,0,1/4) t_l=(0,0,1/2)
244	2 |(1, 0, 0) +(0,0,0) @(0,0,0) t_l=(0,0,0)
245	2 |(1, 0, 0) +(0,0,0) @(0,0,0) t_l=(0,0,0)
246	2 |(1, 2, 0) +(0,0,0) @(0,0,1/4) t_l=(0,0,1/2)
247	3 |(0, 0, 1) +(0,0,0) @(0,0,0) t_l=(0,0,0)
248	3^-1 |(0, 0, 1) +(0,0,0) @(0,0,0) t_l=(0,0,0)
249	1 |(0, 0, 0) +(0,0,0) @(0,0,0) t_l=(0,0,0)
250	1 |(0, 0, 0) +(0,0,0) @(0,0,0) t_l=(0,0,0)
251	1 |(0, 0, 0) +(0,0,0) @(0,0,0) t_l=(0,0,0)
252	1 |(0, 0, 0) +(0,0,0) @(0,0,0) t_l=(0,0,0)
253	1 |(0, 0, 0) +(0,0,0) @(0,0,0) t_l=(0,0,0)
254	2 |(-1, 1, 0) +(0,0,0) @(0,0,5/12) t_l=(0,0,1/6)
255	2 |(0, 1, 0) +(0,0,0) @(0,0,1/3) t_l=(0,0,1/3)
256	2 |(1, 2, 0) +(0,0,0) @(0,0,1/4) t_l=(0,0,1/2)
257	6^-1 |(0, 0, 1) +(0,0,5/6) @(0,0,0) t_l=(0,0,0)
258	2 |(0, 1, 0) +(0,0,0) @(0,0,1/3) t_l=(0,0,1/3)
259	6 |(0, 0, 1) +(0,0,1/6) @(0,0,0) t_l=(0,0,0)
260	2 |(0, 1, 0) +(0,0,0) @(0,0,1/4) t_l=(0,0,1/2)
261	2 |(0, 1, 0) +(0,1/2,0) @(1/4,0,1/4) t_l=(1/2,0,1/2)
262	2 |(1, 0, 0) +(1/2,0,0) @(0,1/4,0) t_l=(0,1/2,0)
263	2 |(0, 1, 0) +(0,1/2,0) @(1/4,0,1/4) t_l=(1/2,0,1/2)
264	2 |(0, 0, 1) +(0,0,1/2) @(1/4,1/4,0) t_l=(1/2,1/2,0)
265	2 |(0, 0, 1) +(0,0,1/2) @(1/4,1/4,0) t_l=(1/2,1/2,0)
266	2 |(1, 0, 0) +(0,0,0) @(0,0,0) t_l=(0,0,0)
267	1 |(0, 0, 0) +(0,0,0) @(0,0,0) t_l=(0,0,0)
268	1 |(0, 0, 0) +(0,0,0) @(0,0,0) t_l=(0,0,0)
269	2 |(1, 1, 0) +(0,0,0) @(0,0,0) t_l=(0,0,0)
270	3^-1 |(0, 0, 1) +(0,0,0) @(0,0,0) t_l=(0,0,0)
271	3^-1 |(0, 0, 1) +(0,0,0) @(0,0,0) t_l=(0,0,0)
272	2 |(1, 1, 0) +(0,0,0) @(0,0,0) t_l=(0,0,0)
273	2 |(0, 1, 0) +(0,0,0) @(0,0,0) t_l=(0,0,0)
274	2 |(0, 1, 0) +(0,1/2,0) @(1/4,0,0) t_l=(1/2,0,0)
275	2 |(0, 1, 0) +(0,1/2,0) @(1/4,0,0) t_l=(1/2,0,0)
276	1 |(0, 0, 0) +(1/2,1/2,0) @(0,0,0) t_l=(0,0,0)
277	1 |(0, 0, 0) +(0,0,0) @(0,0,0) t_l=(0,0,0)
278	1 |(0, 0, 0) +(1/2,1/2,0) @(0,0,0) t_l=(0,0,0)
279	2 |(0, 1, 0) +(0,1/2,0) @(1/4,0,0) t_l=(1/2,0,0)
280	2 |(0, 1, 0) +(0,0,0) @(0,0,0) t_l=(0,0,0)
281	2 |(0, 1, 0) +(0,1/2,0) @(1/4,0,0) t_l=(1/2,0,0)
282	2 |(0, 1, 0) +(0,0,0) @(0,0,0) t_l=(0,0,0)
283	1 |(0, 0, 0) +(1/2,1/2,0) @(0,0,0) t_l=(0,0,0)
284	1 |(0, 0, 0) +(1/2,1/2,0) @(0,0,0) t_l=(0,0,0)
285	2 |(1, 2, 0) +(0,0,0) @(0,0,1/4) t_l=(0,0,1/2)
286	2 |(1, 1, 0) +(0,0,0) @(0,0,0) t_l=(0,0,0)
287	2 |(-1, 1, 0) +(0,0,0) @(0,0,1/4) t_l=(0,0,1/2)
288	3^-1 |(0, 0, 1) +(0,0,0) @(0,0,0) t_l=(0,0,0)
289	2 |(2, 1, 0) +(0,0,0) @(0,0,1/4) t_l=(0,0,1/2)
290	2 |(1, 1, 0) +(0,0,0) @(0,0,0) t_l=(0,0,0)
291	2 |(1, 1, 0) +(0,0,0) @(0,0,0) t_l=(0,0,0)
292	2 |(-1, 1, 0) +(0,0,0) @(0,0,1/4) t_l=(0,0,1/2)
293	3 |(0, 0, 1) +(0,0,0) @(0,0,0) t_l=(0,0,0)
294	1 |(0, 0, 0) +(0,0,0) @(0,0,0) t_l=(0,0,0)
295	1 |(0, 0, 0) +(0,0,0) @(0,0,0) t_l=(0,0,0)
296	1 |(0, 0, 0) +(0,0,0) @(0,0,0) t_l=(0,0,0)
297	2 |(2, 1, 0) +(0,0,0) @(0,0,1/4) t_l=(0,0,1/2)
298	2 |(1, 0, 0) +(0,0,0) @(0,0,0) t_l=(0,0,0)
299	2 |(1, 2, 0) +(0,0,0) @(0,0,1/4) t_l=(0,0,1/2)
300	3^-1 |(0, 0, 1) +(0,0,0) @(0,0,0) t_l=(0,0,0)
301	3 |(0, 0, 1) +(0,0,0) @(0,0,0) t_l=(0,0,0)
302	3 |(0, 0, 1) +(0,0,2/3) @(0,1/3,0) t_l=(2/3,1/3,0)
303	2 |(1, 0, 0) +(0,0,0) @(0,1/3,1/3) t_l=(2/3,1/3,1/3)
304	2 |(0, 1, 0) +(0,0,0) @(0,0,0) t_l=(0,0,0)
305	3^-1 |(0, 0, 1) +(0,0,0) @(0,0,0) t_l=(0,0,0)
306	3 |(0, 0, 1) +(0,0,0) @(0,0,0) t_l=(0,0,0)
307	2 |(1, 1, 0) +(0,0,0) @(0,0,0) t_l=(0,0,0)
308	3 |(0, 0, 1) +(0,0,0) @(0,0,0) t_l=(0,0,0)
309	2 |(1, 1, 0) +(1/2,1/2,0) @(1/6,0,1/6) t_l=(5/6,1/6,2/3)
310	2 |(0, 1, 0) +(0,1/2,0) @(0,0,1/4) t_l=(0,0,1/2)
311	2 |(0, 1, 0) +(0,1/2,0) @(0,0,1/4) t_l=(0,0,1/2)
312	2 |(0, 0, 1) +(0,0,1/2) @(1/4,0,0) t_l=(1/2,0,0)
313	2 |(0, 1, 0) +(0,1/2,0) @(0,0,1/4) t_l=(0,0,1/2)
314	2 |(1, 0, 0) +(1/2,0,0) @(0,1/4,0) t_l=(0,1/2,0)
315	1 |(0, 0, 0) +(0,0,0) @(0,0,0) t_l=(0,0,0)
316	2 |(0, 1, 0) +(0,1/2,0) @(0,0,1/4) t_l=(0,0,1/2)
317	2 |(0, 0, 1) +(0,0,1/2) @(1/4,0,0) t_l=(1/2,0,0)
318	2 |(1, 1, 0) +(0,0,0) @(0,0,0) t_l=(0,0,0)
319	3^-1 |(0, 0, 1) +(0,0,0) @(0,0,0) t_l=(0,0,0)
320	3 |(0, 0, 1) +(0,0,0) @(0,0,0) t_l=(0,0,0)
321	2 |(1, 0, 0) +(0,0,0) @(0,0,0) t_l=(0,0,0)
322	2 |(1, 0, 0) +(0,0,0) @(0,0,0) t_l=(0,0,0)
323	2 |(1, 1, 0) +(0,0,0) @(0,0,1/6) t_l=(0,0,2/3)
324	2 |(2, 1, 0) +(0,0,0) @(0,0,1/12) t_l=(0,0,5/6)
325	6 |(0, 0, 1) +(0,0,1/6) @(0,0,0) t_l=(0,0,0)
326	2 |(-1, 1, 0) +(0,0,0) @(0,0,5/12) t_l=(0,0,1/6)
327	3^-1 |(0, 0, 1) +(0,0,2/3) @(0,0,0) t_l=(0,0,0)
328	6^-1 |(0, 0, 1) +(0,0,5/6) @(0,0,0) t_l=(0,0,0)
329	2 |(1, 1, 0) +(0,0,0) @(0,0,1/6) t_l=(0,0,2/3)
330	6 |(0, 0, 1) +(0,0,1/6) @(0,0,0) t_l=(0,0,0)
331	2 |(2, 1, 0) +(0,0,0) @(0,0,1/12) t_l=(0,0,5/6)
332	2 |(-1, 1, 0) +(0,0,0) @(0,0,5/12) t_l=(0,0,1/6)
333	3^-1 |(0, 0, 1) +(0,0,2/3) @(0,0,0) t_l=(0,0,0)
334	6^-1 |(0, 0, 1) +(0,0,5/6) @(0,0,0) t_l=(0,0,0)
335	2 |(1, 0, 0) +(1/2,0,0) @(0,1/4,0) t_l=(0,1/2,0)
336	1 |(0, 0, 0) +(0,0,0) @(0,0,0) t_l=(0,0,0)
337	1 |(0, 0, 0) +(0,0,0) @(0,0,0) t_l=(0,0,0)
338	2 |(1, 0, 0) +(1/2,0,0) @(0,1/4,0) t_l=(0,1/2,0)
339	1 |(0, 0, 0) +(0,0,0) @(0,0,0) t_l=(0,0,0)
340	2 |(1, 0, 0) +(1/2,0,0) @(0,1/4,0) t_l=(0,1/2,0)
341	1 |(0, 0, 0) +(0,0,0) @(0,0,0) t_l=(0,0,0)
342	2 |(0, 1, 0) +(0,1/2,0) @(0,0,1/4) t_l=(0,0,1/2)
343	2 |(0, 1, 0) +(0,1/2,0) @(0,0,1/4) t_l=(0,0,1/2)
344	2 |(1, 0, 0) +(1/2,0,0) @(0,1/4,0) t_l=(0,1/2,0)
345	2 |(0, 1, 0) +(0,1/2,0) @(0,0,1/4) t_l=(0,0,1/2)
346	2 |(0, 1, 0) +(0,1/2,0) @(0,0,1/4) t_l=(0,0,1/2)
347	2 |(1, 2, 0) +(0,0,0) @(0,0,1/4) t_l=(0,0,1/2)
348	2 |(2, 1, 0) +(0,0,0) @(0,0,1/4) t_l=(0,0,1/2)
349	3 |(0, 0, 1) +(0,0,0) @(0,0,0) t_l=(0,0,0)
350	2 |(1, 0, 0) +(0,0,0) @(0,0,0) t_l=(0,0,0)
351	2 |(1, 0, 0) +(0,0,0) @(0,0,0) t_l=(0,0,0)
352	3 |(0, 0, 1) +(0,0,0) @(0,0,0) t_l=(0,0,0)
353	3^-1 |(0, 0, 1) +(0,0,0) @(0,0,0) t_l=(0,0,0)
354	2 |(1, 1, 0) +(0,0,0) @(0,0,0) t_l=(0,0,0)
355	2 |(1, 1, 0) +(0,0,0) @(0,0,0) t_l=(0,0,0)
356	2 |(0, 1, 0) +(0,1/2,0) @(0,0,1/4) t_l=(0,0,1/2)
357	2 |(0, 1, 0) +(0,1/2,0) @(0,0,1/4) t_l=(0,0,1/2)
358	2 |(1, 0, 0) +(1/2,0,0) @(0,1/4,0) t_l=(0,1/2,0)
359	2 |(1, 0, 0) +(1/2,0,0) @(0,1/4,0) t_l=(0,1/2,0)
360	2 |(0, 1, 0) +(0,1/2,0) @(0,0,1/4) t_l=(0,0,1/2)
361	2 |(0, 1, 0) +(0,1/2,0) @(0,0,1/4) t_l=(0,0,1/2)
362	2 |(0, 1, 0) +(0,1/2,0) @(0,0,1/4) t_l=(0,0,1/2)
363	1 |(0, 0, 0) +(0,0,0) @(0,0,0) t_l=(0,0,0)
364	2 |(1, 0, 0) +(1/2,0,0) @(0,1/4,0) t_l=(0,1/2,0)
365	2 |(1, 0, 0) +(1/2,0,0) @(0,1/4,0) t_l=(0,1/2,0)
366	1 |(0, 0, 0) +(0,0,0) @(0,0,0) t_l=(0,0,0)
367	2 |(0, 1, 0) +(0,1/2,0) @(0,0,1/4) t_l=(0,0,1/2)
368	1 |(0, 0, 0) +(0,0,0) @(0,0,0) t_l=(0,0,0)
369	2 |(0, 1, 0) +(0,1/2,0) @(0,0,0) t_l=(0,0,0)
370	2 |(0, 1, 0) +(0,1/2,0) @(0,0,0) t_l=(0,0,0)
371	1 |(0, 0, 0) +(0,0,0) @(0,0,0) t_l=(0,0,0)
372	1 |(0, 0, 0) +(0,0,0) @(0,0,0) t_l=(0,0,0)
373	2 |(1, 0, 0) +(1/2,0,0) @(0,1/4,0) t_l=(0,1/2,0)
374	2 |(1, 0, 0) +(0,0,0) @(0,0,0) t_l=(0,0,0)
375	2 |(0, 1, 0) +(0,0,0) @(0,0,1/4) t_l=(0,0,1/2)
376	2 |(1, 0, 0) +(1/2,0,0) @(0,1/4,0) t_l=(0,1/2,0)
377	2 |(0, 1, 0) +(0,1/2,0) @(0,0,0) t_l=(0,0,0)
378	1 |(0, 0, 0) +(0,0,0) @(0,0,0) t_l=(0,0,0)
379	2 |(0, 1, 0) +(0,1/2,0) @(0,0,0) t_l=(0,0,0)
380	2 |(0, 1, 0) +(0,1/2,0) @(0,0,0) t_l=(0,0,0)
381	2 |(0, 1, 0) +(0,1/2,0) @(0,0,0) t_l=(0,0,0)
382	1 |(0, 0, 0) +(0,0,0) @(0,0,0) t_l=(0,0,0)
383	2 |(0, 1, 0) +(0,1/2,0) @(0,0,0) t_l=(0,0,0)
384	1 |(0, 0, 0) +(0,0,0) @(0,0,0) t_l=(0,0,0)
385	2 |(0, 1, 0) +(0,1/2,0) @(0,0,0) t_l=(0,0,0)
386	1 |(0, 0, 0) +(0,0,0) @(0,0,0) t_l=(0,0,0)
387	2 |(0, 1, 0) +(0,1/2,0) @(0,0,0) t_l=(0,0,0)
388	2 |(0, 1, 0) +(0,0,0) @(0,0,1/4) t_l=(0,0,1/2)
389	2 |(0, 1, 0) +(0,1/2,0) @(1/4,0,1/4) t_l=(1/2,0,1/2)
390	2 |(0, 0, 1) +(0,0,1/2) @(1/4,1/4,0) t_l=(1/2,1/2,0)
391	2 |(0, 0, 1) +(0,0,1/2) @(1/4,1/4,0) t_l=(1/2,1/2,0)
392	2 |(1, 0, 0) +(1/2,0,0) @(0,1/4,0) t_l=(0,1/2,0)
393	2 |(0, 1, 0) +(0,1/2,0) @(1/4,0,1/4) t_l=(1/2,0,1/2)
394	2 |(0, 1, 0) +(0,1/2,0) @(0,0,1/4) t_l=(0,0,1/2)
395	2 |(1, 0, 0) +(1/2,0,0) @(0,1/4,0) t_l=(0,1/2,0)
396	2 |(0, 0, 1) +(0,0,1/2) @(1/4,0,0) t_l=(1/2,0,0)
397	2 |(0, 1, 0) +(0,1/2,0) @(0,0,1/4) t_l=(0,0,1/2)
398	2 |(1, 0, 0) +(1/2,0,0) @(0,1/4,0) t_l=(0,1/2,0)
399	2 |(1, 0, 0) +(1/2,0,0) @(0,1/4,0) t_l=(0,1/2,0)
400	2 |(1, 0, 0) +(0,0,0) @(0,1/4,1/8) t_l=(0,1/2,3/4)
401	4^-1 |(0, 0, 1) +(0,0,1/4) @(1/4,1/4,0) t_l=(0,1/2,0)
402	4 |(0, 0, 1) +(0,0,3/4) @(1/4,1/4,0) t_l=(1/2,0,0)
403	4 |(0, 0, 1) +(0,0,1/4) @(3/4,1/4,0) t_l=(0,1/2,0)
404	4^-1 |(0, 0, 1) +(0,0,3/4) @(1/4,3/4,0) t_l=(1/2,0,0)
405	2 |(1, 0, 0) +(0,0,0) @(0,1/4,1/8) t_l=(0,1/2,3/4)
406	2 |(1, 1, 0) +(1/2,1/2,0) @(5/6,0,1/3) t_l=(1/6,5/6,1/3)
407	3^-1 |(0, 0, 1) +(0,0,0) @(0,0,0) t_l=(0,0,0)
408	2 |(0, 1, 0) +(0,1/2,0) @(1/6,0,1/3) t_l=(2/3,5/6,1/3)
409	2 |(0, 1, 0) +(0,1/2,0) @(0,0,0) t_l=(0,0,0)
410	2 |(0, 1, 0) +(0,1/2,0) @(0,0,0) t_l=(0,0,0)
411	2 |(0, 1, 0) +(0,1/2,0) @(0,0,0) t_l=(0,0,0)
412	1 |(0, 0, 0) +(0,0,0) @(0,0,0) t_l=(0,0,0)
413	2 |(0, 1, 0) +(0,1/2,0) @(0,0,0) t_l=(0,0,0)
414	1 |(0, 0, 0) +(0,0,0) @(0,0,0) t_l=(0,0,0)
415	2 |(0, 1, 0) +(0,1/2,0) @(0,0,0) t_l=(0,0,0)
416	2 |(-1, 1, 0) +(0,0,0) @(0,0,5/12) t_l=(0,0,1/6)
417	2 |(1, 0, 0) +(0,0,0) @(0,0,0) t_l=(0,0,0)
418	2 |(2, 1, 0) +(0,0,0) @(0,0,1/12) t_l=(0,0,5/6)
419	6 |(0, 0, 1) +(0,0,1/6) @(0,0,0) t_l=(0,0,0)
420	2 |(1, 0, 0) +(0,0,0) @(0,0,0) t_l=(0,0,0)
421	6^-1 |(0, 0, 1) +(0,0,5/6) @(0,0,0) t_l=(0,0,0)
422	2 |(-1, 0, 1) +(0,0,0) @(3/4,3/8,0) t_l=(1/4,1/4,1/4)
423	3^-1 |(1, -1, 1) +(0,0,0) @(1/2,0,0) t_l=(1/2,1/2,0)
424	3 |(1, -1, 1) +(1/3,2/3,1/3) @(5/6,1/3,0) t_l=(5/6,2/3,5/6)
425	2 |(-1, 1, 0) +(0,0,0) @(3/4,0,3/8) t_l=(1/4,1/4,1/4)
426	3 |(1, 1, 1) +(0,0,0) @(0,0,0) t_l=(0,0,0)
427	2 |(1, 1, 0) +(1/2,1/2,0) @(1/4,0,1/8) t_l=(3/4,1/4,3/4)
428	2 |(2, 1, 0) +(0,0,0) @(0,0,1/4) t_l=(0,0,1/2)
429	2 |(1, 0, 0) +(0,0,0) @(0,0,0) t_l=(0,0,0)
430	2 |(1, 2, 0) +(0,0,0) @(0,0,1/4) t_l=(0,0,1/2)
431	3^-1 |(0, 0, 1) +(0,0,0) @(0,0,0) t_l=(0,0,0)
432	2 |(-1, 1, 0) +(0,0,0) @(0,0,1/4) t_l=(0,0,1/2)
433	2 |(1, 0, 0) +(0,0,0) @(0,0,0) t_l=(0,0,0)
434	2 |(1, 0, 0) +(0,0,0) @(0,0,0) t_l=(0,0,0)
435	2 |(1, 2, 0) +(0,0,0) @(0,0,1/4) t_l=(0,0,1/2)
436	3 |(0, 0, 1) +(0,0,0) @(0,0,0) t_l=(0,0,0)
437	3^-1 |(0, 0, 1) +(0,0,0) @(0,0,0) t_l=(0,0,0)
438	2 |(2, 1, 0) +(0,0,0) @(0,0,1/4) t_l=(0,0,1/2)
439	2 |(1, 0, 0) +(0,0,0) @(0,0,0) t_l=(0,0,0)
440	2 |(1, 2, 0) +(0,0,0) @(0,0,1/4) t_l=(0,0,1/2)
441	3^-1 |(0, 0, 1) +(0,0,0) @(0,0,0) t_l=(0,0,0)
442	3 |(0, 0, 1) +(0,0,0) @(0,0,0) t_l=(0,0,0)
443	2 |(0, 1, 0) +(0,1/2,0) @(0,0,1/4) t_l=(0,0,1/2)
444	1 |(0, 0, 0) +(0,0,0) @(0,0,0) t_l=(0,0,0)
445	2 |(1, 0, 0) +(1/2,0,0) @(0,1/4,0) t_l=(0,1/2,0)
446	1 |(0, 0, 0) +(0,0,0) @(0,0,0) t_l=(0,0,0)
447	2 |(1, 0, 0) +(1/2,0,0) @(0,1/4,0) t_l=(0,1/2,0)
448	2 |(0, 1, 0) +(0,1/2,0) @(0,0,1/4) t_l=(0,0,1/2)
449	2 |(1, 0, 0) +(1/2,0,0) @(0,1/4,0) t_l=(0,1/2,0)
450	2 |(0, 1, 0) +(0,1/2,0) @(0,0,1/4) t_l=(0,0,1/2)
451	2 |(1, 0, 0) +(1/2,0,0) @(0,1/4,0) t_l=(0,1/2,0)
452	2 |(0, 1, 0) +(0,1/2,0) @(0,0,1/4) t_l=(0,0,1/2)
453	2 |(0, 1, 0) +(0,1/2,0) @(0,0,0) t_l=(0,0,0)
454	2 |(0, 1, 0) +(0,1/2,0) @(0,0,0) t_l=(0,0,0)
455	2 |(0, 1, 0) +(0,1/2,0) @(0,0,0) t_l=(0,0,0)
456	1 |(0, 0, 0) +(0,0,0) @(0,0,0) t_l=(0,0,0)
457	2 |(0, 1, 0) +(0,1/2,0) @(0,0,0) t_l=(0,0,0)
458	1 |(0, 0, 0) +(0,0,0) @(0,0,0) t_l=(0,0,0)
459	2 |(0, 1, 0) +(0,1/2,0) @(0,0,0) t_l=(0,0,0)
460	2 |(0, 1, 0) +(0,1/2,0) @(0,0,0) t_l=(0,0,0)
461	1 |(0, 0, 0) +(0,0,0) @(0,0,0) t_l=(0,0,0)
462	2 |(0, 1, 0) +(0,1/2,0) @(0,0,0) t_l=(0,0,0)
463	2 |(0, 1, 0) +(0,1/2,0) @(0,0,0) t_l=(0,0,0)
464	2 |(2, 1, 0) +(0,0,0) @(0,0,1/12) t_l=(0,0,5/6)
465	2 |(1, 1, 0) +(0,0,0) @(0,0,1/6) t_l=(0,0,2/3)
466	6 |(0, 0, 1) +(0,0,1/6) @(0,0,0) t_l=(0,0,0)
467	2 |(-1, 1, 0) +(0,0,0) @(0,0,5/12) t_l=(0,0,1/6)
468	3^-1 |(0, 0, 1) +(0,0,2/3) @(0,0,0) t_l=(0,0,0)
469	2 |(1, 1, 0) +(0,0,0) @(0,0,1/6) t_l=(0,0,2/3)
470	6^-1 |(0, 0, 1) +(0,0,5/6) @(0,0,0) t_l=(0,0,0)
471	2 |(0, 1, 0) +(0,1/2,0) @(0,0,0) t_l=(0,0,0)
472	1 |(0, 0, 0) +(0,0,0) @(0,0,0) t_l=(0,0,0)
473	2 |(0, 1, 0) +(0,1/2,0) @(0,0,0) t_l=(0,0,0)
474	2 |(0, 1, 0) +(0,1/2,0) @(0,0,0) t_l=(0,0,0)
475	1 |(0, 0, 0) +(0,0,0) @(0,0,0) t_l=(0,0,0)
476	1 |(0, 0, 0) +(0,0,0) @(0,0,0) t_l=(0,0,0)
477	1 |(0, 0, 0) +(0,0,0) @(0,0,0) t_l=(0,0,0)
478	2 |(0, 1, 0) +(0,1/2,0) @(0,0,0) t_l=(0,0,0)
479	2 |(0, 1, 0) +(0,1/2,0) @(0,0,0) t_l=(0,0,0)
480	1 |(0, 0, 0) +(0,0,0) @(0,0,0) t_l=(0,0,0)
481	1 |(0, 0, 0) +(0,0,0) @(0,0,0) t_l=(0,0,0)
482	2 |(0, 1, 0) +(0,1/2,0) @(0,0,0) t_l=(0,0,0)
483	1 |(0, 0, 0) +(0,0,0) @(0,0,0) t_l=(0,0,0)
484	2 |(1, 1, 0) +(0,0,0) @(0,0,0) t_l=(0,0,0)
485	2 |(1, 1, 0) +(0,0,0) @(0,0,0) t_l=(0,0,0)
486	2 |(0, 1, 0) +(0,0,0) @(1/3,0,1/6) t_l=(1/3,2/3,2/3)
487	2 |(0, 1, 0) +(0,0,0) @(1/3,0,1/6) t_l=(1/3,2/3,2/3)
488	2 |(1, 0, 0) +(0,0,0) @(0,0,0) t_l=(0,0,0)
489	3 |(0, 0, 1) +(0,0,0) @(0,0,0) t_l=(0,0,0)
490	1 |(0, 0, 0) +(0,0,0) @(0,0,0) t_l=(0,0,0)
491	2 |(2, 1, 0) +(0,0,0) @(0,0,1/12) t_l=(0,0,5/6)
492	2 |(1, 0, 0) +(0,0,0) @(0,0,0) t_l=(0,0,0)
493	6^-1 |(0, 0, 1) +(0,0,5/6) @(0,0,0) t_l=(0,0,0)
494	2 |(1, 2, 0) +(0,0,0) @(0,0,1/4) t_l=(0,0,1/2)
495	3 |(0, 0, 1) +(0,0,1/3) @(0,0,0) t_l=(0,0,0)
496	6 |(0, 0, 1) +(0,0,1/6) @(0,0,0) t_l=(0,0,0)
497	2 |(-1, 1, 0) +(0,0,0) @(0,0,5/12) t_l=(0,0,1/6)
498	2 |(0, 1, 0) +(0,0,0) @(0,0,1/3) t_l=(0,0,1/3)
499	2 |(1, 2, 0) +(0,0,0) @(0,0,1/4) t_l=(0,0,1/2)
500	6^-1 |(0, 0, 1) +(0,0,5/6) @(0,0,0) t_l=(0,0,0)
501	2 |(0, 1, 0) +(0,0,0) @(0,0,1/3) t_l=(0,0,1/3)
502	6 |(0, 0, 1) +(0,0,1/6) @(0,0,0) t_l=(0,0,0)
503	1 |(0, 0, 0) +(0,0,0) @(0,0,0) t_l=(0,0,0)
504	1 |(0, 0, 0) +(0,0,0) @(0,0,0) t_l=(0,0,0)
505	1 |(0, 0, 0) +(0,0,0) @(0,0,0) t_l=(0,0,0)
506	1 |(0, 0, 0) +(0,0,0) @(0,0,0) t_l=(0,0,0)
507	2 |(1, 1, 0) +(0,0,0) @(0,0,1/6) t_l=()
508	2 |(2, 1, 0) +(0,0,0) @(0,0,1/12) t_l=(0,0,5/6)
509	6 |(0, 0, 1) +(0,0,1/6) @(0,0,0) t_l=(0,0,0)
510	2 |(-1, 1, 0) +(0,0,0) @(0,0,5/12) t_l=(0,0,1/6)
511	3 |(0, 0, 1) +(0,0,1/3) @(0,0,0) t_l=(0,0,0)
512	6^-1 |(0, 0, 1) +(0,0,5/6) @(0,0,0) t_l=(0,0,0)
513	2 |(1, 1, 0) +(0,0,0) @(0,0,1/6) t_l=(0,0,2/3)
514	2 |(0, 1, 0) +(0,0,0) @(1/3,0,1/6) t_l=(1/3,2/3,2/3)
515	3 |(0, 0, 1) +(0,0,2/3) @(0,1/3,0) t_l=(2/3,1/3,0)
516	3 |(0, 0, 1) +(0,0,0) @(0,0,0) t_l=(0,0,0)
517	3^-1 |(0, 0, 1) +(0,0,0) @(0,0,0) t_l=(0,0,0)
518	2 |(1, 1, 0) +(1/2,1/2,0) @(5/6,0,1/3) t_l=(1/6,5/6,1/3)
519	2 |(1, 0, 0) +(0,0,0) @(0,1/3,1/3) t_l=(2/3,1/3,1/3)
520	3^-1 |(0, 0, 1) +(0,0,1/3) @(1/3,0,0) t_l=(1/3,2/3,0)
521	4 |(0, 0, 1) +(0,0,1/4) @(0,1/2,0) t_l=(1/2,1/2,0)
522	2 |(-1, 1, 0) +(0,0,0) @(0,0,1/4) t_l=(0,0,1/2)
523	4^-1 |(0, 0, 1) +(0,0,3/4) @(1/2,0,0) t_l=(1/2,1/2,0)
524	2 |(1, 1, 0) +(0,0,0) @(0,0,0) t_l=(0,0,0)
525	2 |(0, 1, 0) +(0,1/2,0) @(0,0,0) t_l=(0,0,0)
526	2 |(0, 1, 0) +(0,1/2,0) @(0,0,0) t_l=(0,0,0)
527	2 |(0, 1, 0) +(0,1/2,0) @(0,0,0) t_l=(0,0,0)
528	2 |(0, 1, 0) +(0,1/2,0) @(0,0,0) t_l=(0,0,0)
529	2 |(1, 0, 0) +(0,0,0) @(0,0,0) t_l=(0,0,0)
530	2 |(-1, 1, 0) +(0,0,0) @(0,0,1/4) t_l=(0,0,1/2)
531	2 |(1, 0, 0) +(0,0,0) @(0,0,0) t_l=(0,0,0)
532	2 |(1, 2, 0) +(0,0,0) @(0,0,1/4) t_l=(0,0,1/2)
533	3 |(0, 0, 1) +(0,0,0) @(0,0,0) t_l=(0,0,0)
534	2 |(0, 1, 0) +(0,1/2,0) @(0,0,1/4) t_l=(0,0,1/2)
535	1 |(0, 0, 0) +(0,0,0) @(0,0,0) t_l=(0,0,0)
536	2 |(1, 0, 0) +(1/2,0,0) @(0,1/4,0) t_l=(0,1/2,0)
537	1 |(0, 0, 0) +(0,0,0) @(0,0,0) t_l=(0,0,0)
538	2 |(1, 0, 0) +(1/2,0,0) @(0,1/4,0) t_l=(0,1/2,0)
539	2 |(0, 1, 0) +(0,1/2,0) @(0,0,1/4) t_l=(0,0,1/2)
540	2 |(1, 0, 0) +(1/2,0,0) @(0,1/4,0) t_l=(0,1/2,0)
541	2 |(0, 1, 0) +(0,1/2,0) @(0,0,1/4) t_l=(0,0,1/2)
542	2 |(1, 0, 0) +(1/2,0,0) @(0,1/4,0) t_l=(0,1/2,0)
543	2 |(0, 1, 0) +(0,1/2,0) @(0,0,1/4) t_l=(0,0,1/2)
544	2 |(1, 0, 0) +(0,0,0) @(0,0,0) t_l=(0,0,0)
545	2 |(-1, 1, 0) +(0,0,0) @(0,0,1/4) t_l=(0,0,1/2)
546	2 |(1, 0, 0) +(0,0,0) @(0,0,0) t_l=(0,0,0)
547	2 |(1, 2, 0) +(0,0,0) @(0,0,1/4) t_l=(0,0,1/2)
548	3 |(0, 0, 1) +(0,0,0) @(0,0,0) t_l=(0,0,0)
549	3^-1 |(0, 0, 1) +(0,0,0) @(0,0,0) t_l=(0,0,0)
550	3^-1 |(0, 0, 1) +(0,0,1/3) @(0,0,0) t_l=(0,0,0)
551	2 |(0, 0, 1) +(0,0,0) @(0,0,0) t_l=(0,0,0)
552	3 |(0, 0, 1) +(0,0,2/3) @(0,0,0) t_l=(0,0,0)
553	2 |(1, 1, 0) +(0,0,0) @(0,0,1/6) t_l=(0,0,2/3)
554	2 |(2, 1, 0) +(0,0,0) @(0,0,1/12) t_l=(0,0,5/6)
555	6 |(0, 0, 1) +(0,0,1/6) @(0,0,0) t_l=(0,0,0)
556	2 |(-1, 1, 0) +(0,0,0) @(0,0,5/12) t_l=(0,0,1/6)
557	3^-1 |(0, 0, 1) +(0,0,2/3) @(0,0,0) t_l=(0,0,0)
558	2 |(1, 1, 0) +(0,0,0) @(0,0,1/6) t_l=(0,0,2/3)
559	6^-1 |(0, 0, 1) +(0,0,5/6) @(0,0,0) t_l=(0,0,0)
560	2 |(1, 1, 0) +(0,0,0) @(0,0,1/6) t_l=(0,0,2/3)
561	2 |(2, 1, 0) +(0,0,0) @(0,0,1/12) t_l=(0,0,5/6)
562	6 |(0, 0, 1) +(0,0,1/6) @(0,0,0) t_l=(0,0,0)
563	2 |(-1, 1, 0) +(0,0,0) @(0,0,5/12) t_l=(0,0,1/6)
564	3^-1 |(0, 0, 1) +(0,0,2/3) @(0,0,0) t_l=(0,0,0)
565	2 |(1, 1, 0) +(0,0,0) @(0,0,1/6) t_l=(0,0,2/3)
566	6^-1 |(0, 0, 1) +(0,0,5/6) @(0,0,0) t_l=(0,0,0)
567	2 |(0, 1, 0) +(0,1/2,0) @(0,0,1/4) t_l=(0,0,1/2)
568	1 |(0, 0, 0) +(0,0,0) @(0,0,0) t_l=(0,0,0)
569	1 |(0, 0, 0) +(0,0,0) @(0,0,0) t_l=(0,0,0)
570	2 |(1, 0, 0) +(1/2,0,0) @(0,1/4,0) t_l=(0,1/2,0)
571	2 |(1, 0, 0) +(1/2,0,0) @(0,1/4,0) t_l=(0,1/2,0)
572	2 |(0, 1, 0) +(0,1/2,0) @(0,0,1/4) t_l=(0,0,1/2)
573	2 |(1, 0, 0) +(1/2,0,0) @(0,1/4,0) t_l=(0,1/2,0)
574	2 |(0, 1, 0) +(0,1/2,0) @(0,0,1/4) t_l=(0,0,1/2)
575	2 |(1, 0, 0) +(1/2,0,0) @(0,1/4,0) t_l=(0,1/2,0)
576	2 |(0, 1, 0) +(0,1/2,,0,1/4) t_l=(0,0,1/2)
577	2 |(0, 1, 0) +(0,1/2,0) @(0,0,1/4) t_l=(0,0,1/2)
578	1 |(0, 0, 0) +(0,0,0) @(0,0,0) t_l=(0,0,0)
579	2 |(1, 0, 0) +(1/2,0,0) @(0,1/4,0) t_l=(0,1/2,0)
580	2 |(1, 0, 0) +(1/2,0,0) @(0,1/4,0) t_l=(0,1/2,0)
581	1 |(0, 0, 0) +(0,0,0) @(0,0,0) t_l=(0,0,0)
582	2 |(0, 1, 0) +(0,1/2,0) @(0,0,1/4) t_l=(0,0,1/2)
583	2 |(0, 1, 0) +(0,1/2,0) @(0,0,1/4) t_l=(0,0,1/2)
584	1 |(0, 0, 0) +(0,0,0) @(0,0,0) t_l=(0,0,0)
585	1 |(0, 0, 0) +(0,0,0) @(0,0,0) t_l=(0,0,0)
586	1 |(0, 0, 0) +(0,0,0) @(0,0,0) t_l=(0,0,0)
587	1 |(0, 0, 0) +(0,0,0) @(0,0,0) t_l=(0,0,0)
588	2 |(1, 1, 0) +(0,0,0) @(0,0,1/6) t_l=(0,0,2/3)
589	2 |(2, 1, 0) +(0,0,0) @(0,0,1/12) t_l=(0,0,5/6)
590	6 |(0, 0, 1) +(0,0,1/6) @(0,0,0) t_l=(0,0,0)
591	2 |(-1, 1, 0) +(0,0,0) @(0,0,5/12) t_l=(0,0,1/6)
592	3 |(0, 0, 1) +(0,0,1/3) @(0,0,0) t_l=(0,0,0)
593	2 |(1, 1, 0) +(0,0,0) @(0,0,1/6) t_l=(0,0,2/3)
594	2 |(1, 0, 0) +(1/2,0,0) @(0,1/4,0) t_l=(0,1/2,0)
595	2 |(1, 0, 0) +(1/2,0,0) @(0,1/4,0) t_l=(0,1/2,0)
596	2 |(0, 1, 0) +(0,1/2,0) @(0,0,1/4) t_l=(0,0,1/2)
597	1 |(0, 0, 0) +(0,0,0) @(0,0,0) t_l=(0,0,0)
598	2 |(0, 1, 0) +(0,1/2,0) @(0,0,1/4) t_l=(0,0,1/2)
599	1 |(0, 0, 0) +(0,0,0) @(0,0,0) t_l=(0,0,0)
600	2 |(0, 1, 0) +(0,1/2,0) @(0,0,1/4) t_l=(0,0,1/2)
601	2 |(0, 1, 0) +(0,1/2,0) @(0,0,1/4) t_l=(0,0,1/2)
602	1 |(0, 0, 0) +(0,0,0) @(0,0,0) t_l=(0,0,0)
603	2 |(-1, 1, 0) +(0,0,0) @(0,0,5/12) t_l=(0,0,1/6)
604	2 |(0, 1, 0) +(0,0,0) @(0,0,1/3) t_l=(0,0,1/3)
605	2 |(1, 2, 0) +(0,0,0) @(0,0,1/4) t_l=(0,0,1/2)
606	6^-1 |(0, 0, 1) +(0,0,5/6) @(0,0,0) t_l=(0,0,0)
607	6 |(0, 0, 1) +(0,0,1/6) @(0,0,0) t_l=(0,0,0)
608	2 |(-1, 1, 0) +(0,0,0) @(0,0,5/12) t_l=(0,0,1/6)
609	2 |(0, 1, 0) +(0,0,0) @(0,0,1/3) t_l=(0,0,1/3)
610	2 |(1, 2, 0) +(0,0,0) @(0,0,1/4) t_l=(0,0,1/2)
611	6^-1 |(0, 0, 1) +(0,0,5/6) @(0,0,0) t_l=(0,0,0)
612	2 |(0, 1, 0) +(0,0,0) @(0,0,1/3) t_l=(0,0,1/3)
613	6 |(0, 0, 1) +(0,0,1/6) @(0,0,0) t_l=(0,0,0)
614	1 |(0, 0, 0) +(0,0,0) @(0,0,0) t_l=(0,0,0)
615	2 |(0, 0, 1) +(0,0,1/2) @(1/4,0,0) t_l=(1/2,0,0)
616	2 |(0, 1, 0) +(0,1/2,0) @(0,0,1/4) t_l=(0,0,1/2)
617	2 |(0, 1, 0) +(0,1/2,0) @(0,0,1/4) t_l=(0,0,1/2)
618	2 |(0, 0, 1) +(0,0,1/2) @(1/4,0,0) t_l=(1/2,0,0)
619	2 |(1, 0, 0) +(1/2,0,0) @(0,1/4,0) t_l=(0,1/2,0)
620	1 |(0, 0, 0) +(0,0,0) @(0,0,0) t_l=(0,0,0)
621	2 |(0, 1, 0) +(0,1/2,0) @(0,0,1/4) t_l=(0,0,1/2)
622	2 |(1, 0, 0) +(1/2,0,0) @(0,1/4,0) t_l=(0,1/2,0)
623	2 |(0, 0, 1) +(0,0,1/2) @(1/4,0,0) t_l=(1/2,0,0)
624	2 |(0, 1, 0) +(0,1/2,0) @(0,0,1/4) t_l=(0,0,1/2)
625	2 |(0, 0, 1) +(0,0,1/2) @(1/4,0,0) t_l=(1/2,0,0)
701	2 |(0, 1, 0) +(0,1/2,0) @(1/4,0,0) t_l=(1/2,0,0)
702	1 |(0, 0, 0) +(0,0,0) @(0,0,0) t_l=(0,0,0)
703	1 |(0, 0, 0) +(1/2,1/2,0) @(0,0,0) t_l=(0,0,0)
704	2 |(0, 1, 0) +(0,1/2,0) @(1/4,0,0) t_l=(1/2,0,0)
705	1 |(0, 0, 0) +(1/2,1/2,0) @(0,0,0) t_l=(0,0,0)
706	2 |(0, 1, 0) +(0,1/2,0) @(1/4,0,0) t_l=(1/2,0,0)
707	1 |(0, 0, 0) +(0,0,0) @(0,0,0) t_l=(0,0,0)
708	2 |(0, 1, 0) +(0,0,0) @(0,0,0) t_l=(0,0,0)
709	1 |(0, 0, 0) +(1/2,1/2,0) @(0,0,0) t_l=(0,0,0)
710	2 |(0, 1, 0) +(0,0,0) @(0,0,0) t_l=(0,0,0)
711	3 |(-1, -1, 1) +(0,0,0) @(0,1/2,0) t_l=(0,1/2,1/2)
712	3^-1 |(1, 1, 1) +(0,0,0) @(0,0,0) t_l=(0,0,0)
713	3 |(1, 1, 1) +(0,0,0) @(0,0,0) t_l=(0,0,0)
714	3^-1 |(-1, 1, 1) +(0,0,0) @(1/2,1/2,0) t_l=(1/2,0,1/2)
715	3^-1 |(-1, -1, 1) +(1/3,1/3,2/3) @(1/3,1/6,0) t_l=(5/6,5/6,2/3)
716	3 |(-1, 1, 1) +(2/3,1/3,1/3) @(1/6,1/6,0) t_l=(2/3,5/6,5/6)
717	2 |(0, 0, 1) +(0,0,1/2) @(1/4,0,0) t_l=(1/2,0,0)
718	2 |(1, 0, 0) +(1/2,0,0) @(0,1/4,0) t_l=(0,1/2,0)
719	2 |(1, 0, 0) +(1/2,0,0) @(0,1/4,0) t_l=(0,1
720	2 |(1, 0, 0) +(1/2,0,0) @(0,1/4,0) t_l=(0,1/2,0)
721	2 |(0, 0, 1) +(0,0,1/2) @(1/4,0,0) t_l=(1/2,0,0)
722	2 |(1, 0, 0) +(1/2,0,0) @(0,1/4,0) t_l=(0,1/2,0)
723	3^-1 |(0, 0, 1) +(0,0,0) @(0,0,0) t_l=(0,0,0)
724	2 |(1, 0, 0) +(0,0,0) @(0,0,0) t_l=(0,0,0)
725	2 |(1, 1, 0) +(0,0,0) @(0,0,0) t_l=(0,0,0)
726	2 |(0, 1, 0) +(0,0,0) @(1/3,0,1/6) t_l=(1/3,2/3,2/3)
727	3 |(0, 0, 1) +(0,0,0) @(0,0,0) t_l=(0,0,0)
728	2 |(1, 0, 0) +(0,0,0) @(0,0,1/4) t_l=(0,0,1/2)
729	3 |(-1, 1, 1) +(1/6,5/6,5/6) @(1/6,1/6,0) t_l=(2/3,5/6,5/6)
730	3^-1 |(1, 1, 1) +(0,0,0) @(0,0,0) t_l=(0,0,0)
731	3^-1 |(-1, 1, 1) +(5/6,1/6,1/6) @(1/6,1/6,0) t_l=(5/6,2/3,1/6)
732	3^-1 |(1, -1, 1) +(0,0,0) @(1/2,0,0) t_l=(1/2,1/2,0)
733	3 |(1, -1, 1) +(1/3,2/3,1/3) @(5/6,1/3,0) t_l=(5/6,2/3,5/6)
734	3 |(1, 1, 1) +(0,0,0) @(0,0,0) t_l=(0,0,0)
735	2 |(0, 0, 1) +(0,0,0) @(0,1/4,0) t_l=(0,1/2,0)
736	1 |(0, 0, 0) +(0,0,0) @(0,0,0) t_l=(0,0,0)
737	2 |(0, 0, 1) +(0,0,1/2) @(1/4,0,0) t_l=(1/2,0,0)
738	2 |(1, 0, 0) +(1/2,0,0) @(0,1/4,0) t_l=(0,1/2,0)
739	2 |(0, 1, 0) +(0,1/2,0) @(0,0,1/4) t_l=(0,0,1/2)
740	2 |(0, 0, 1) +(0,0,1/2) @(1/4,0,0) t_l=(1/2,0,0)
741	2 |(1, 0, 0) +(1/2,0,0) @(0,1/4,0) t_l=(0,1/2,0)
742	2 |(0, 1, 0) +(0,1/2,0) @(0,0,1/4) t_l=(0,0,1/2)
743	2 |(1, 0, 0) +(1/2,0,0) @(0,1/4,0) t_l=(0,1/2,0)
744	2 |(1, 0, 0) +(1/2,0,0) @(0,1/4,0) t_l=(0,1/2,0)
745	1 |(0, 0, 0) +(0,0,0) @(0,0,0) t_l=(0,0,0)
746	2 |(0, 0, 1) +(0,0,1/2) @(1/4,0,0) t_l=(1/2,0,0)
747	3 |(0, 0, 1) +(0,0,1/3) @(1/3,1/3,0) t_l=(1/3,2/3,0)
748	3^-1 |(0, 0, 1) +(0,0,2/3) @(1/3,1/3,0) t_l=(2/3,1/3,0)
749	3 |(0, 0, 1) +(0,0,0) @(0,0,0) t_l=(0,0,0)
750	1 |(0, 0, 0) +(0,0,0) @(0,0,0) t_l=(0,0,0)
751	3^-1 |(0, 0, 1) +(0,0,0) @(0,0,0) t_l=(0,0,0)
752	3^-1 |(0, 0, 1) +(0,0,1/3) @(1/3,0,0) t_l=(1/3,2/3,0)
753	3 |(0, 0, 1) +(0,0,1/3) @(1/3,1/3,0) t_l=(1/3,2/3,0)
754	3^-1 |(0, 0, 1) +(0,0,2/3) @(1/3,1/3,0) t_l=(2/3,1/3,0)
755	1 |(0, 0, 0) +(0,0,0) @(0,0,0) t_l=(0,0,0)
756	1 |(0, 0, 0) +(0,0,0) @(0,0,0) t_l=(0,0,0)
757	2 |(0, 1, 0) +(0,1/2,0) @(0,0,0) t_l=(0,0,0)
758	2 |(0, 1, 0) +(0,1/2,0) @(0,0,0) t_l=(0,0,0)
759	1 |(0, 0, 0) +(0,0,0) @(0,0,0) t_l=(0,0,0)
760	2 |(0, 1, 0) +(0,1/2,0) @(0,0,0) t_l=(0,0,0)
761	2 |(0, 1, 0) +(0,1/2,0) @(0,0,0) t_l=(0,0,0)
762	2 |(0, 1, 0) +(0,1/2,0) @(0,0,0) t_l=(0,0,0)
763	2 |(0, 1, 0) +(0,1/2,0) @(0,0,0) t_l=(0,0,0)
764	2 |(0, 1, 0) +(0,1/2,0) @(0,0,0) t_l=(0,0,0)
765	2 |(0, 1, 0) +(0,1/2,0) @(0,0,0) t_l=(0,0,0)
766	2 |(1, 0, 0) +(1/2,0,0) @(0,1/4,0) t_l=(0,1/2,0)
767	3^-1 |(-1, 1, 1) +(0,0,0) @(1/2,1/2,0) t_l=(1/2,0,1/2)
768	3^-1 |(1, -1, 1) +(0,0,0) @(1/2,0,0) t_l=(1/2,1/2,0)
769	2 |(1, 0, 0) +(1/2,0,0) @(0,1/4,0) t_l=(0,1/2,0)
770	3 |(1, -1, 1) +(1/3,2/3,1/3) @(5/6,1/3,0) t_l=(5/6,2/3,5/6)
771	3 |(-1, 1, 1) +(2/3,1/3,1/3) @(1/6,1/6,0) t_l=(2/3,5/6,5/6)
772	2 |(1, 0, 0) +(1/2,0,0) @(0,1/4,0) t_l=(0,1/2,0)
773	3^-1 |(-1, 1, 1) +(0,0,0) @(1/2,1/2,0) t_l=(1/2,0,1/2)
774	3^-1 |(1, -1, 1) +(0,0,0) @(1/2,0,0) t_l=(1/2,1/2,0)
775	2 |(1, 0, 0) +(1/2,0,0) @(0,1/4,0) t_l=(0,1/2,0)
776	3 |(1, -1, 1) +(1/3,2/3,1/3) @(5/6,1/3,0) t_l=(5/6,2/3,5/6)
777	3 |(-1, 1, 1) +(2/3,1/3,1/3) @(1/6,1/6,0) t_l=(2/3,5/6,5/6)
778	2 |(1, 0, 0) +(1/2,0,0) @(0,1/4,0) t_l=(0,1/2,0)
779	1 |(0, 0, 0) +(1/2,1/2,0) @(0,0,0) t_l=(0,0,0)
780	1 |(0, 0, 0) +(1/2,1/2,0) @(0,0,0) t_l=(0,0,0)
781	2 |(0, 1, 0) +(0,0,0) @(0,0,1/4) t_l=(0,0,1/2)
782	2 |(0, 1, 0) +(0,0,0) @(0,0,1/4) t_l=(0,0,1/2)
783	1 |(0, 0, 0) +(0,0,0) @(0,0,0) t_l=(0,0,0)
784	2 |(1, 0, 0) +(0,0,0) @(0,0,0) t_l=(0,0,0)
785	1 |(0, 0, 0) +(1/2,1/2,0) @(0,0,0) t_l=(0,0,0)
786	1 |(0, 0, 0),1/2,0) @(0,0,0) t_l=(0,0,0)
787	1 |(0, 0, 0) +(0,0,0) @(0,0,0) t_l=(0,0,0)
788	2 |(1, 0, 0) +(1/2,0,0) @(0,1/4,0) t_l=(0,1/2,0)
789	2 |(1, 0, 0) +(1/2,0,0) @(0,1/4,0) t_l=(0,1/2,0)
790	2 |(0, 1, 0) +(0,1/2,0) @(0,0,1/4) t_l=(0,0,1/2)
791	2 |(0, 0, 1) +(0,0,1/2) @(1/4,0,0) t_l=(1/2,0,0)
792	2 |(0, 0, 1) +(0,0,1/2) @(1/4,0,0) t_l=(1/2,0,0)
793	2 |(1, 0, 0) +(1/2,0,0) @(0,1/4,0) t_l=(0,1/2,0)
794	2 |(1, 0, 0) +(1/2,0,0) @(0,1/4,0) t_l=(0,1/2,0)
795	3^-1 |(-1, 1, 1) +(0,0,0) @(1/2,1/2,0) t_l=(1/2,0,1/2)
796	3^-1 |(1, -1, 1) +(0,0,0) @(1/2,0,0) t_l=(1/2,1/2,0)
797	2 |(1, 0, 0) +(1/2,0,0) @(0,1/4,0) t_l=(0,1/2,0)
798	3 |(1, -1, 1) +(1/3,2/3,1/3) @(5/6,1/3,0) t_l=(5/6,2/3,5/6)
799	3 |(-1, 1, 1) +(2/3,1/3,1/3) @(1/6,1/6,0) t_l=(2/3,5/6,5/6)
800	1 |(0, 0, 0) +(1/2,1/2,0) @(0,0,0) t_l=(0,0,0)
801	2 |(0, 1, 0) +(0,0,0) @(0,0,0) t_l=(0,0,0)
802	1 |(0, 0, 0) +(0,0,0) @(0,0,0) t_l=(0,0,0)
803	2 |(0, 1, 0) +(0,0,0) @(0,0,0) t_l=(0,0,0)
804	2 |(0, 1, 0) +(0,0,0) @(0,0,0) t_l=(0,0,0)
805	3 |(0, 0, 1) +(0,0,0) @(0,0,0) t_l=(0,0,0)
806	2 |(1, 0, 0) +(0,0,0) @(0,1/3,1/3) t_l=(2/3,1/3,1/3)
807	2 |(1, 1, 0) +(0,0,0) @(0,0,0) t_l=(0,0,0)
808	3^-1 |(0, 0, 1) +(0,0,0) @(0,0,0) t_l=(0,0,0)
809	3 |(0, 0, 1) +(0,0,0) @(0,0,0) t_l=(0,0,0)
810	2 |(0, 1, 0) +(0,0,0) @(0,0,0) t_l=(0,0,0)
811	2 |(1, 0, 0) +(0,0,0) @(0,1/3,1/3) t_l=(2/3,1/3,1/3)
812	2 |(1, 1, 0) +(0,0,0) @(0,0,0) t_l=(0,0,0)
813	3^-1 |(0, 0, 1) +(0,0,0) @(0,0,0) t_l=(0,0,0)
814	2 |(0, 1, 0) +(0,1/2,0) @(0,0,1/4) t_l=(0,0,1/2)
815	2 |(0, 1, 0) +(0,1/2,0) @(0,0,1/4) t_l=(0,0,1/2)
816	2 |(0, 0, 1) +(0,0,1/2) @(1/4,0,0) t_l=(1/2,0,0)
817	2 |(1, 0, 0) +(1/2,0,0) @(0,1/4,0) t_l=(0,1/2,0)
818	2 |(0, 0, 1) +(0,0,1/2) @(1/4,0,0) t_l=(1/2,0,0)
819	2 |(0, 1, 0) +(0,1/2,0) @(0,0,1/4) t_l=(0,0,1/2)
820	2 |(0, 1, 0) +(0,1/2,0) @(0,0,1/4) t_l=(0,0,1/2)
821	4 |(0, 0, 1) +(0,0,3/4) @(1/4,1/2,0) t_l=(1/4,3/4,0)
822	3 |(1, 1, 1) +(0,0,0) @(0,0,0) t_l=(0,0,0)
823	3^-1 |(1, 1, 1) +(0,0,0) @(0,0,0) t_l=(0,0,0)
824	2 |(0, 1, 1) +(0,1/2,1/2) @(3/8,3/4,0) t_l=(1/4,1/4,3/4)
825	4^-1 |(0, 0, 1) +(0,0,1/4) @(3/4,0,0) t_l=(1/4,1/4,0)
826	2 |(-1, 0, 1) +(0,0,0) @(1/4,1/8,0) t_l=(3/4,3/4,3/4)
827	2 |(0, 1, 0) +(0,1/2,0) @(0,0,1/4) t_l=(0,0,1/2)
828	1 |(0, 0, 0) +(0,0,0) @(0,0,0) t_l=(0,0,0)
829	2 |(1, 0, 0) +(1/2,0,0) @(0,1/4,0) t_l=(0,1/2,0)
830	2 |(0, 1, 0) +(0,1/2,0) @(0,0,1/4) t_l=(0,0,1/2)
831	2 |(1, 0, 0) +(1/2,0,0) @(0,1/4,0) t_l=(0,1/2,0)
832	1 |(0, 0, 0) +(0,0,0) @(0,0,0) t_l=(0,0,0)
833	2 |(0, 1, 0) +(0,1/2,0) @(0,0,1/4) t_l=(0,0,1/2)
834	2 |(0, 1, 0) +(0,1/2,0) @(0,0,1/4) t_l=(0,0,1/2)
835	2 |(0, 0, 1) +(0,0,1/2) @(1/4,0,0) t_l=(1/2,0,0)
836	2 |(1, 0, 0) +(1/2,0,0) @(0,1/4,0) t_l=(0,1/2,0)
837	2 |(1, 0, 0) +(1/2,0,0) @(0,1/4,0) t_l=(0,1/2,0)
838	2 |(1, 0, 0) +(1/2,0,0) @(0,1/4,0) t_l=(0,1/2,0)
839	2 |(0, 0, 1) +(0,0,1/2) @(1/4,0,0) t_l=(1/2,0,0)
840	1 |(0, 0, 0) +(0,0,0) @(0,0,0) t_l=(0,0,0)
841	2 |(0, 1, 0) +(0,1/2,0) @(0,0,1/4) t_l=(0,0,1/2)
842	2 |(0, 1, 0) +(0,1/2,0) @(0,0,1/4) t_l=(0,0,1/2)
843	3^-1 |(-1, 1, 1) +(0,0,0) @(1/2,1/2,0) t_l=(1/2,0,1/2)
844	3 |(-1, 1, 1) +(2/3,1/3,1/3) @(1/6,1/6,0) t_l=(2/3,5/6,5/6)
845	3^-1 |(-1, -1, 1) +(1/3,1/3,2/3) @(1/3,1/6,0) t_l=(5/6,5/6,2/3)
846	3^-1 |(1, -1, 1) +(0,0,0) @(1/2,0,0) t_l=(1/2,1/2,0)
847	3 |(1, -1, 1) +(1/3,2/3,1/3) @(5/6,1/3,0) t_l=(5/6,2/3,5/6)
848	3 |(-1, -1, 1) +(0,0,0) @(0,1/2,0) t_l=(0,1/2,1/2)
849	2 |(1, 0, 0) +(1/2,0,0) @(0,1/4,0) t_l=(0,1/2,0)
850	3 |(1, 1, 1) +(0,0,0) @(0,0,0) t_l=(0,0,0)
851	3 |(-1, -1, 1) +(0,0,0) @(0,1/2,0) t_l=(0,1/2,1/2)
852	3^-1 |(-1, -1, 1) +(1/3,1/3,,1/6,0) t_l=(5/6,5/6,2/3)
853	3^-1 |(1, 1, 1) +(0,0,0) @(0,0,0) t_l=(0,0,0)
854	2 |(1, 0, 0) +(1/2,0,0) @(0,1/4,0) t_l=(0,1/2,0)
855	3^-1 |(0, 0, 1) +(0,0,2/3) @(1/3,1/3,0) t_l=(2/3,1/3,0)
856	3 |(0, 0, 1) +(0,0,0) @(0,0,0) t_l=(0,0,0)
857	3^-1 |(0, 0, 1) +(0,0,0) @(0,0,0) t_l=(0,0,0)
858	3^-1 |(0, 0, 1) +(0,0,0) @(0,0,0) t_l=(0,0,0)
859	3 |(0, 0, 1) +(0,0,1/3) @(1/3,1/3,0) t_l=(1/3,2/3,0)
860	3^-1 |(1, -1, 1) +(0,0,0) @(1/2,0,0) t_l=(1/2,1/2,0)
861	3 |(1, -1, 1) +(1/3,2/3,1/3) @(5/6,1/3,0) t_l=(5/6,2/3,5/6)
862	3 |(-1, 1, 1) +(2/3,1/3,1/3) @(1/6,1/6,0) t_l=(2/3,5/6,5/6)
863	3^-1 |(-1, -1, 1) +(1/3,1/3,2/3) @(1/3,1/6,0) t_l=(5/6,5/6,2/3)
864	2 |(1, 0, 0) +(1/2,0,0) @(0,1/4,0) t_l=(0,1/2,0)
865	2 |(1, 0, 0) +(1/2,0,0) @(0,1/4,0) t_l=(0,1/2,0)
866	3 |(-1, -1, 1) +(0,0,0) @(0,1/2,0) t_l=(0,1/2,1/2)
867	3^-1 |(-1, 1, 1) +(0,0,0) @(1/2,1/2,0) t_l=(1/2,0,1/2)
868	3 |(1, 1, 1) +(0,0,0) @(0,0,0) t_l=(0,0,0)
869	2 |(1, 0, 0) +(1/2,0,0) @(0,1/4,0) t_l=(0,1/2,0)
870	1 |(0, 0, 0) +(0,0,0) @(0,0,0) t_l=(0,0,0)
871	2 |(0, 0, 1) +(0,0,1/2) @(1/4,0,0) t_l=(1/2,0,0)
872	2 |(0, 1, 0) +(0,1/2,0) @(0,0,1/4) t_l=(0,0,1/2)
873	2 |(0, 1, 0) +(0,1/2,0) @(0,0,1/4) t_l=(0,0,1/2)
874	2 |(0, 0, 1) +(0,0,1/2) @(1/4,0,0) t_l=(1/2,0,0)
875	2 |(1, 0, 0) +(1/2,0,0) @(0,1/4,0) t_l=(0,1/2,0)
876	2 |(0, 0, 1) +(0,0,1/2) @(1/4,0,0) t_l=(1/2,0,0)
877	2 |(0, 1, 0) +(0,1/2,0) @(0,0,1/4) t_l=(0,0,1/2)
878	2 |(1, 0, 0) +(1/2,0,0) @(0,1/4,0) t_l=(0,1/2,0)
879	2 |(1, 0, 0) +(1/2,0,0) @(0,1/4,0) t_l=(0,1/2,0)
880	2 |(1, 1, 0) +(0,0,0) @(0,0,0) t_l=(0,0,0)
881	2 |(0, 1, 0) +(0,1/2,0) @(1/6,0,1/3) t_l=(2/3,5/6,1/3)
882	3^-1 |(0, 0, 1) +(0,0,0) @(0,0,0) t_l=(0,0,0)
883	2 |(1, 1, 0) +(0,0,0) @(0,0,0) t_l=(0,0,0)
884	2 |(0, 1, 0) +(0,0,0) @(1/3,0,1/6) t_l=(1/3,2/3,2/3)
885	3 |(0, 0, 1) +(0,0,0) @(0,0,0) t_l=(0,0,0)
886	2 |(0, 1, 0) +(0,0,0) @(0,0,1/3) t_l=(0,0,1/3)
887	1 |(0, 0, 0) +(0,0,0) @(0,0,0) t_l=(0,0,0)
888	1 |(0, 0, 0) +(0,0,0) @(0,0,0) t_l=(0,0,0)
889	2 |(1, 1, 0) +(0,0,0) @(0,0,0) t_l=(0,0,0)
890	2 |(1, 1, 0) +(0,0,0) @(0,0,0) t_l=(0,0,0)
891	1 |(0, 0, 0) +(0,0,0) @(0,0,0) t_l=(0,0,0)
892	1 |(0, 0, 0) +(0,0,0) @(0,0,0) t_l=(0,0,0)
893	1 |(0, 0, 0) +(0,0,0) @(0,0,0) t_l=(0,0,0)
894	1 |(0, 0, 0) +(0,0,0) @(0,0,0) t_l=(0,0,0)
895	1 |(0, 0, 0) +(0,0,0) @(0,0,0) t_l=(0,0,0)
896	1 |(0, 0, 0) +(0,0,0) @(0,0,0) t_l=(0,0,0)
897	1 |(0, 0, 0) +(0,0,0) @(0,0,0) t_l=(0,0,0)
898	1 |(0, 0, 0) +(0,0,0) @(0,0,0) t_l=(0,0,0)
899	2 |(1, 0, 0) +(1/2,0,0) @(0,1/4,0) t_l=(0,1/2,0)
900	2 |(0, 1, 0) +(0,1/2,0) @(0,0,1/4) t_l=(0,0,1/2)
901	2 |(0, 0, 1) +(0,0,1/2) @(1/4,0,0) t_l=(1/2,0,0)
902	1 |(0, 0, 0) +(0,0,0) @(0,0,0) t_l=(0,0,0)
903	2 |(0, 0, 1) +(0,0,1/2) @(1/4,0,0) t_l=(1/2,0,0)
904	1 |(0, 0, 0) +(0,0,0) @(0,0,0) t_l=(0,0,0)
905	2 |(0, 1, 0) +(0,1/2,0) @(0,0,1/4) t_l=(0,0,1/2)
906	2 |(1, 0, 0) +(1/2,0,0) @(0,1/4,0) t_l=(0,1/2,0)
907	2 |(1, 0, 0) +(1/2,0,0) @(0,1/4,0) t_l=(0,1/2,0)
908	3^-1 |(-1, 1, 1) +(0,0,0) @(1/2,1/2,0) t_l=(1/2,0,1/2)
909	3^-1 |(1, -1, 1) +(0,0,0) @(1/2,0,0) t_l=(1/2,1/2,0)
910	2 |(1, 0, 0) +(1/2,0,0) @(0,1/4,0) t_l=(0,1/2,0)
911	3 |(1, -1, 1) +(1/3,2/3,1/3) @(5/6,1/3,0) t_l=(5/6,2/3,5/6)
912	3 |(-1, 1, 1) +(2/3,1/3,1/3) @(1/6,1/6,0) t_l=(2/3,5/6,5/6)
913	3 |(-1, 1, 1) +(2/3,1/3,1/3) @(1/6,1/6,0) t_l=(2/3,5/6,5/6)
914	3^-1 |(-1, 1, 1) +(0,0,0) @(1/2,1/2,0) t_l=(1/2,0,1/2)
915	3^-1 |(-1, -1, 1) +(1/3,1/3,2/3) @(1/3,1/6,0) t_l=(5/6,5/6,2/3)
916	3^-1 |(1, -1, 1) +(0,0,0) @(1/2,0,0) t_l=(1/2,1/2,0)
917	3 |(1, -1, 1) +(1/3,2/3,1/3) @(5/6,1/3,0) t_l=(5/6,2/3,5/6)
918	2 |(0, 1, 0) +(0,1/2,0) @(0,=(0,0,1/2)
919	2 |(0, 1, 0) +(0,1/2,0) @(0,0,1/4) t_l=(0,0,1/2)
920	2 |(0, 1, 0) +(0,1/2,0) @(0,0,1/4) t_l=(0,0,1/2)
921	3 |(0, 0, 1) +(0,0,0) @(0,0,0) t_l=(0,0,0)
922	2 |(0, 1, 0) +(0,0,0) @(0,0,0) t_l=(0,0,0)
923	2 |(1, 0, 0) +(0,0,0) @(0,1/3,1/3) t_l=(2/3,1/3,1/3)
924	2 |(1, 1, 0) +(0,0,0) @(0,0,0) t_l=(0,0,0)
925	3^-1 |(0, 0, 1) +(0,0,0) @(0,0,0) t_l=(0,0,0)
926	2 |(1, 0, 0) +(0,0,0) @(0,0,0) t_l=(0,0,0)
927	2 |(0, 1, 0) +(0,0,0) @(1/3,0,1/6) t_l=(1/3,2/3,2/3)
928	2 |(1, 1, 0) +(0,0,0) @(0,0,0) t_l=(0,0,0)
929	3 |(0, 0, 1) +(0,0,0) @(0,0,0) t_l=(0,0,0)
930	3^-1 |(0, 0, 1) +(0,0,0) @(0,0,0) t_l=(0,0,0)
931	2 |(1, 0, 0) +(0,0,0) @(0,0,0) t_l=(0,0,0)
932	2 |(0, 1, 0) +(0,0,0) @(1/3,0,1/6) t_l=(1/3,2/3,2/3)
933	2 |(1, 1, 0) +(0,0,0) @(0,0,0) t_l=(0,0,0)
934	3 |(0, 0, 1) +(0,0,0) @(0,0,0) t_l=(0,0,0)
935	3^-1 |(0, 0, 1) +(0,0,0) @(0,0,0) t_l=(0,0,0)
936	2 |(0, 0, 1) +(0,0,1/2) @(1/4,0,0) t_l=(1/2,0,0)
937	2 |(0, 1, 0) +(0,1/2,0) @(0,0,1/4) t_l=(0,0,1/2)
938	2 |(0, 1, 0) +(0,1/2,0) @(0,0,1/4) t_l=(0,0,1/2)
939	2 |(0, 0, 1) +(0,0,1/2) @(1/4,0,0) t_l=(1/2,0,0)
940	2 |(1, 0, 0) +(1/2,0,0) @(0,1/4,0) t_l=(0,1/2,0)
941	2 |(0, 1, 0) +(0,1/2,0) @(0,0,1/4) t_l=(0,0,1/2)
942	2 |(0, 0, 1) +(0,0,1/2) @(1/4,0,0) t_l=(1/2,0,0)
943	1 |(0, 0, 0) +(0,0,0) @(0,0,0) t_l=(0,0,0)
944	2 |(0, 1, 0) +(0,1/2,0) @(0,0,1/4) t_l=(0,0,1/2)
945	2 |(0, 0, 1) +(0,0,1/2) @(1/4,0,0) t_l=(1/2,0,0)
946	2 |(1, 0, 0) +(1/2,0,0) @(0,1/4,0) t_l=(0,1/2,0)
947	2 |(1, 1, 0) +(1/2,1/2,0) @(5/6,0,1/3) t_l=(1/6,5/6,1/3)
948	2 |(1, 0, 0) +(0,0,0) @(0,1/3,1/3) t_l=(2/3,1/3,1/3)
949	2 |(0, 1, 0) +(0,0,0) @(1/3,0,1/6) t_l=(1/3,2/3,2/3)
950	3^-1 |(0, 0, 1) +(0,0,0) @(0,0,0) t_l=(0,0,0)
951	3 |(0, 0, 1) +(0,0,0) @(0,0,0) t_l=(0,0,0)
952	2 |(0, 0, 1) +(0,0,1/2) @(1/4,0,0) t_l=(1/2,0,0)
953	2 |(1, 0, 0) +(1/2,0,0) @(0,1/4,0) t_l=(0,1/2,0)
954	2 |(0, 1, 0) +(0,1/2,0) @(0,0,1/4) t_l=(0,0,1/2)
955	2 |(0, 0, 1) +(0,0,1/2) @(1/4,0,0) t_l=(1/2,0,0)
956	2 |(0, 1, 0) +(0,1/2,0) @(0,0,1/4) t_l=(0,0,1/2)
957	2 |(0, 1, 0) +(0,1/2,0) @(0,0,1/4) t_l=(0,0,1/2)
958	2 |(0, 1, 0) +(0,1/2,0) @(0,0,1/4) t_l=(0,0,1/2)
959	2 |(1, 0, 0) +(1/2,0,0) @(0,1/4,0) t_l=(0,1/2,0)
960	3 |(-1, 1, 1) +(2/3,1/3,1/3) @(1/6,1/6,0) t_l=(2/3,5/6,5/6)
961	3^-1 |(-1, 1, 1) +(0,0,0) @(1/2,1/2,0) t_l=(1/2,0,1/2)
962	3^-1 |(1, -1, 1) +(0,0,0) @(1/2,0,0) t_l=(1/2,1/2,0)
963	2 |(1, 0, 0) +(1/2,0,0) @(0,1/4,0) t_l=(0,1/2,0)
964	3 |(1, -1, 1) +(1/3,2/3,1/3) @(5/6,1/3,0) t_l=(5/6,2/3,5/6)
965	3^-1 |(0, 0, 1) +(0,0,1/3) @(0,0,0) t_l=(0,0,0)
966	3 |(0, 0, 1) +(0,0,2/3) @(0,0,0) t_l=(0,0,0)
967	2 |(0, 1, 0) +(0,0,0) @(0,0,1/3) t_l=(0,0,1/3)
968	2 |(0, 1, 0) +(0,0,0) @(0,0,1/3) t_l=(0,0,1/3)
969	2 |(1, 1, 0) +(0,0,0) @(0,0,0) t_l=(0,0,0)
970	2 |(1, 0, 0) +(1/2,0,0) @(0,1/4,0) t_l=(0,1/2,0)
971	1 |(0, 0, 0) +(0,0,0) @(0,0,0) t_l=(0,0,0)
972	2 |(0, 1, 0) +(0,1/2,0) @(0,0,1/4) t_l=(0,0,1/2)
973	1 |(0, 0, 0) +(0,0,0) @(0,0,0) t_l=(0,0,0)
974	2 |(0, 0, 1) +(0,0,1/2) @(1/4,0,0) t_l=(1/2,0,0)
975	2 |(1, 0, 0) +(1/2,0,0) @(0,1/4,0) t_l=(0,1/2,0)
976	2 |(0, 0, 1) +(0,0,1/2) @(1/4,0,0) t_l=(1/2,0,0)
977	2 |(0, 1, 0) +(0,1/2,0) @(0,0,1/4) t_l=(0,0,1/2)
978	2 |(1, 0, 0) +(1/2,0,0) @(0,1/4,0) t_l=(0,1/2,0)
979	1 |(0, 0, 0) +(0,0,0) @(0,0,0) t_l=(0,0,0)
980	2 |(1, 0, 0) +(1/2,0,0) @(0,1/4,0) t_l=(0,1/2,0)
981	2 |(0, 0, 1) +(0,0,0) @(0,0,0) t_l=(0,0,0)
982	1 |(0, 0, 0) +(0,0,0) @(0,0,0) t_l=(0,0,0)
983	2 |(0, 1, 0) +(0,1/2,0) @(1/4,0,0) t_l=(1/2,0,0)
984	2 |(1, 0, 0) +(1/2,0,0) @(0,1/4,0) t_l=(0,1/2,0)
985	2 |(0, 1, 0) +(0,1/2,0) @(1/4,0,0) t_l=(1/2,0,0)
986	3^-1 |(-1, -1,1/3,2/3) @(1/3,1/6,0) t_l=(5/6,5/6,2/3)
987	3^-1 |(-1, 1, 1) +(0,0,0) @(1/2,1/2,0) t_l=(1/2,0,1/2)
988	3 |(-1, 1, 1) +(2/3,1/3,1/3) @(1/6,1/6,0) t_l=(2/3,5/6,5/6)
989	3^-1 |(1, -1, 1) +(0,0,0) @(1/2,0,0) t_l=(1/2,1/2,0)
990	3 |(1, -1, 1) +(1/3,2/3,1/3) @(5/6,1/3,0) t_l=(5/6,2/3,5/6)
991	3 |(-1, -1, 1) +(0,0,0) @(0,1/2,0) t_l=(0,1/2,1/2)
992	2 |(1, 0, 0) +(0,0,0) @(0,0,0) t_l=(0,0,0)
993	2 |(0, 1, 0) +(0,0,0) @(1/3,0,1/6) t_l=(1/3,2/3,2/3)
994	2 |(1, 1, 0) +(0,0,0) @(0,0,0) t_l=(0,0,0)
995	3 |(0, 0, 1) +(0,0,0) @(0,0,0) t_l=(0,0,0)
996	3^-1 |(0, 0, 1) +(0,0,0) @(0,0,0) t_l=(0,0,0)
997	6^-1 |(0, 0, 1) +(0,0,1/2) @(0,0,0) t_l=(0,0,0)
998	6 |(0, 0, 1) +(0,0,1/2) @(0,0,0) t_l=(0,0,0)
999	3^-1 |(0, 0, 1) +(0,0,0) @(0,0,0) t_l=(0,0,0)
1000	3 |(0, 0, 1) +(0,0,0) @(0,0,0) t_l=(0,0,0)
1001	2 |(1, 0, 0) +(1/2,0,0) @(0,1/4,0) t_l=(0,1/2,0)
1002	3^-1 |(-1, 1, 1) +(0,0,0) @(1/2,1/2,0) t_l=(1/2,0,1/2)
1003	3^-1 |(1, -1, 1) +(0,0,0) @(1/2,0,0) t_l=(1/2,1/2,0)
1004	2 |(1, 0, 0) +(1/2,0,0) @(0,1/4,0) t_l=(0,1/2,0)
1005	3 |(1, -1, 1) +(1/3,2/3,1/3) @(5/6,1/3,0) t_l=(5/6,2/3,5/6)
1006	3 |(-1, 1, 1) +(2/3,1/3,1/3) @(1/6,1/6,0) t_l=(2/3,5/6,5/6)
1007	3 |(0, 0, 1) +(0,0,2/3) @(0,1/3,0) t_l=(2/3,1/3,0)
1008	3 |(0, 0, 1) +(0,0,0) @(0,0,0) t_l=(0,0,0)
1009	3^-1 |(0, 0, 1) +(0,0,0) @(0,0,0) t_l=(0,0,0)
1010	3^-1 |(0, 0, 1) +(0,0,1/3) @(1/3,0,0) t_l=(1/3,2/3,0)
1011	2 |(1, 1, 0) +(1/2,1/2,0) @(5/6,0,1/3) t_l=(1/6,5/6,1/3)
1012	2 |(1, 0, 0) +(0,0,0) @(0,1/3,1/3) t_l=(2/3,1/3,1/3)
1013	2 |(0, 1, 0) +(0,0,0) @(1/3,0,1/6) t_l=(1/3,2/3,2/3)
1014	3^-1 |(0, 0, 1) +(0,0,0) @(0,0,0) t_l=(0,0,0)
1015	3 |(0, 0, 1) +(0,0,0) @(0,0,0) t_l=(0,0,0)
1016	3^-1 |(-1, 1, 1) +(0,0,0) @(1/2,1/2,0) t_l=(1/2,0,1/2)
1017	3 |(-1, 1, 1) +(2/3,1/3,1/3) @(1/6,1/6,0) t_l=(2/3,5/6,5/6)
1018	3 |(-1, -1, 1) +(0,0,0) @(0,1/2,0) t_l=(0,1/2,1/2)
1019	2 |(0, 1, 0) +(0,1/2,0) @(0,0,1/4) t_l=(0,0,1/2)
1020	2 |(1, 0, 0) +(1/2,0,0) @(0,1/4,0) t_l=(0,1/2,0)
1021	2 |(1, 0, 0) +(1/2,0,0) @(0,1/4,0) t_l=(0,1/2,0)
1022	2 |(0, 1, 0) +(0,1/2,0) @(0,0,1/4) t_l=(0,0,1/2)
1023	2 |(0, 0, 1) +(0,0,1/2) @(1/4,0,0) t_l=(1/2,0,0)
1024	2 |(1, 0, 0) +(1/2,0,0) @(0,1/4,0) t_l=(0,1/2,0)
1025	2 |(0, 0, 1) +(0,0,1/2) @(1/4,0,0) t_l=(1/2,0,0)
1026	2 |(0, 1, 0) +(0,0,0) @(0,0,0) t_l=(0,0,0)
1027	1 |(0, 0, 0) +(1/2,1/2,0) @(0,0,0) t_l=(0,0,0)
1028	2 |(0, 1, 0) +(0,1/2,0) @(1/4,0,0) t_l=(1/2,0,0)
1029	2 |(0, 1, 0) +(0,1/2,0) @(1/4,0,0) t_l=(1/2,0,0)
1030	1 |(0, 0, 0) +(0,0,0) @(0,0,0) t_l=(0,0,0)
1031	1 |(0, 0, 0) +(0,0,0) @(0,0,0) t_l=(0,0,0)
1032	2 |(0, 1, 0) +(0,0,0) @(0,0,0) t_l=(0,0,0)
1033	2 |(0, 1, 0) +(0,1/2,0) @(0,0,0) t_l=(0,0,0)
1034	2 |(0, 1, 0) +(0,1/2,0) @(0,0,0) t_l=(0,0,0)
1035	2 |(0, 1, 0) +(0,1/2,0) @(0,0,0) t_l=(0,0,0)
1036	2 |(0, 1, 0) +(0,1/2,0) @(0,0,0) t_l=(0,0,0)
1037	1 |(0, 0, 0) +(0,0,0) @(0,0,0) t_l=(0,0,0)
1038	1 |(0, 0, 0) +(0,0,0) @(0,0,0) t_l=(0,0,0)
1039	2 |(0, 1, 0) +(0,1/2,0) @(0,0,0) t_l=(0,0,0)
1040	2 |(0, 1, 0) +(0,1/2,0) @(0,0,0) t_l=(0,0,0)
1041	2 |(1, 1, 0) +(0,0,0) @(0,0,0) t_l=(0,0,0)
1042	4^-1 |(0, 0, 1) +(0,0,3/4) @(1/2,0,0) t_l=(1/2,1/2,0)
1043	2 |(1, 0, 0) +(1/2,0,0) @(0,1/4,3/8) t_l=(0,1/2,1/4)
1044	2 |(1, 0, 0) +(1/2,0,0) @(0,1/4,3/8) t_l=(0,1/2,1/4)
1045	4 |(0, 0, 1) +(0,0,1/4) @(0,1/2,0) t_l=(1/2,1/2,0)
1046	2 |(1, 1, 0) +(1/2,1/2,0) @(5/6,0,1/3) t_l=(1/6,5/6,1/3)
1047	2 |(0, 1, 0) +(0,0,0) @(1/3,0,1/6) t_l=(1/3,2/3,2/3)
1048	2 |(1, 0, 0) +(0,0,0) @(0,1/3,1/3) t_l=(2/3,1/3,1/3)
1049	3^-1 |(0, 0, 1) +(0,0,0) @(0,0,0) t_l=(0,0,0)
1050	3 |(0, 0, 1) +(0,0,0) @(0,0,0) t_l=(0,0,0)
1051	3 |(0, 0, 1) +(0,0) t_l=(0,0,0)
1052	2 |(0, 1, 0) +(0,0,0) @(0,0,0) t_l=(0,0,0)
1053	2 |(1, 0, 0) +(0,0,0) @(0,1/3,1/3) t_l=(2/3,1/3,1/3)
1054	2 |(1, 1, 0) +(0,0,0) @(0,0,0) t_l=(0,0,0)
1055	3^-1 |(0, 0, 1) +(0,0,0) @(0,0,0) t_l=(0,0,0)
1056	3 |(-1, -1, 1) +(0,0,0) @(0,1/2,0) t_l=(0,1/2,1/2)
1057	3^-1 |(-1, 1, 1) +(0,0,0) @(1/2,1/2,0) t_l=(1/2,0,1/2)
1058	3^-1 |(1, 1, 1) +(0,0,0) @(0,0,0) t_l=(0,0,0)
1059	3 |(1, 1, 1) +(0,0,0) @(0,0,0) t_l=(0,0,0)
1060	3^-1 |(-1, -1, 1) +(1/3,1/3,2/3) @(1/3,1/6,0) t_l=(5/6,5/6,2/3)
1061	3 |(-1, 1, 1) +(2/3,1/3,1/3) @(1/6,1/6,0) t_l=(2/3,5/6,5/6)
1062	2 |(1, 0, 0) +(1/2,0,0) @(0,1/4,0) t_l=(0,1/2,0)
1063	3^-1 |(-1, 1, 1) +(0,0,0) @(1/2,1/2,0) t_l=(1/2,0,1/2)
1064	3^-1 |(1, -1, 1) +(0,0,0) @(1/2,0,0) t_l=(1/2,1/2,0)
1065	2 |(1, 0, 0) +(1/2,0,0) @(0,1/4,0) t_l=(0,1/2,0)
1066	3 |(1, -1, 1) +(1/3,2/3,1/3) @(5/6,1/3,0) t_l=(5/6,2/3,5/6)
1067	3 |(-1, 1, 1) +(2/3,1/3,1/3) @(1/6,1/6,0) t_l=(2/3,5/6,5/6)
1068	2 |(1, 0, 0) +(1/2,0,0) @(0,1/4,0) t_l=(0,1/2,0)
1069	3^-1 |(-1, 1, 1) +(0,0,0) @(1/2,1/2,0) t_l=(1/2,0,1/2)
1070	3^-1 |(1, -1, 1) +(0,0,0) @(1/2,0,0) t_l=(1/2,1/2,0)
1071	2 |(1, 0, 0) +(1/2,0,0) @(0,1/4,0) t_l=(0,1/2,0)
1072	3 |(1, -1, 1) +(1/3,2/3,1/3) @(5/6,1/3,0) t_l=(5/6,2/3,5/6)
1073	3 |(-1, 1, 1) +(2/3,1/3,1/3) @(1/6,1/6,0) t_l=(2/3,5/6,5/6)
1074	3 |(0, 0, 1) +(0,0,0) @(0,0,0) t_l=(0,0,0)
1075	2 |(0, 1, 0) +(0,0,0) @(0,0,0) t_l=(0,0,0)
1076	2 |(1, 0, 0) +(0,0,0) @(0,1/3,1/3) t_l=(2/3,1/3,1/3)
1077	2 |(1, 1, 0) +(0,0,0) @(0,0,0) t_l=(0,0,0)
1078	3^-1 |(0, 0, 1) +(0,0,0) @(0,0,0) t_l=(0,0,0)
1079	3 |(1, -1, 1) +(1/3,2/3,1/3) @(5/6,1/3,0) t_l=(5/6,2/3,5/6)
1080	3^-1 |(-1, 1, 1) +(0,0,0) @(1/2,1/2,0) t_l=(1/2,0,1/2)
1081	3^-1 |(1, -1, 1) +(0,0,0) @(1/2,0,0) t_l=(1/2,1/2,0)
1082	1 |(0, 0, 0) +(0,0,0) @(0,0,0) t_l=(0,0,0)
1083	1 |(0, 0, 0) +(0,0,0) @(0,0,0) t_l=(0,0,0)
1084	2 |(1, 0, 0) +(1/2,0,0) @(0,1/4,0) t_l=(0,1/2,0)
1085	3^-1 |(-1, 1, 1) +(0,0,0) @(1/2,1/2,0) t_l=(1/2,0,1/2)
1086	3^-1 |(1, -1, 1) +(0,0,0) @(1/2,0,0) t_l=(1/2,1/2,0)
1087	2 |(1, 0, 0) +(1/2,0,0) @(0,1/4,0) t_l=(0,1/2,0)
1088	3 |(1, -1, 1) +(1/3,2/3,1/3) @(5/6,1/3,0) t_l=(5/6,2/3,5/6)
1089	3 |(-1, 1, 1) +(2/3,1/3,1/3) @(1/6,1/6,0) t_l=(2/3,5/6,5/6)
1090	2 |(1, 0, 0) +(1/2,0,0) @(0,1/4,0) t_l=(0,1/2,0)
1091	1 |(0, 0, 0) +(0,0,0) @(0,0,0) t_l=(0,0,0)
1092	2 |(0, 1, 0) +(0,1/2,0) @(0,0,1/4) t_l=(0,0,1/2)
1093	1 |(0, 0, 0) +(0,0,0) @(0,0,0) t_l=(0,0,0)
1094	2 |(0, 0, 1) +(0,0,1/2) @(1/4,0,0) t_l=(1/2,0,0)
1095	2 |(0, 0, 1) +(0,0,1/2) @(1/4,0,0) t_l=(1/2,0,0)
1096	2 |(0, 1, 0) +(0,1/2,0) @(0,0,1/4) t_l=(0,0,1/2)
1097	2 |(1, 0, 0) +(1/2,0,0) @(0,1/4,0) t_l=(0,1/2,0)
1098	3^-1 |(-1, 1, 1) +(0,0,0) @(1/2,1/2,0) t_l=(1/2,0,1/2)
1099	3^-1 |(1, 1, 1) +(0,0,0) @(0,0,0) t_l=(0,0,0)
1100	3 |(1, 1, 1) +(0,0,0) @(0,0,0) t_l=(0,0,0)
1101	3^-1 |(-1, -1, 1) +(1/3,1/3,2/3) @(1/3,1/6,0) t_l=(5/6,5/6,2/3)
1102	3 |(-1, -1, 1) +(0,0,0) @(0,1/2,0) t_l=(0,1/2,1/2)
1103	3 |(-1, 1, 1) +(2/3,1/3,1/3) @(1/6,1/6,0) t_l=(2/3,5/6,5/6)
1104	3^-1 |(1, 1, 1) +(0,0,0) @(0,0,0) t_l=(0,0,0)
1105	3 |(1, 1, 1) +(0,0,0) @(0,0,0) t_l=(0,0,0)
1106	2 |(1, 0, 0) +(1/2,0,0) @(0,1/4,0) t_l=(0,1/2,0)
1107	2 |(0, 0, 1) +(0,0,1/2) @(1/4,0,0) t_l=(1/2,0,0)
1108	2 |(0, 1, 0) +(0,1/2,0) @(0,0,1/4) t_l=(0,0,1/2)
1109	1 |(0, 0, 0) +(0,0,0) @(0,0,0) t_l=(0,0,0)
1110	1 |(0, 0, 0) +(0,0,0) @(0,0,0) t_l=(0,0,0)
1111	2 |(0, 1, 0) +(0,1/2,0) @(0,0,1/4) t_l=(0,0,1/2)
1112	2 |(1, 0, 0) +(1/2,0,0) @(0,1/4,0) t_l=(0,1/2,0)
1113	2 |(1, 1, 0) +(0,0,0) @(0,0,0) t_l=(0,0,0)
1114	2 |(0, 1, 0) +(0,1/2,0) @(1/6,0,1/3) t_l=(2/3,5/6,1/3)
1115	2 |((0,0,1/2) @(1/4,0,0) t_l=(1/2,0,0)
1116	2 |(0, 1, 0) +(0,1/2,0) @(0,0,1/4) t_l=(0,0,1/2)
1117	2 |(0, 1, 0) +(0,1/2,0) @(0,0,1/4) t_l=(0,0,1/2)
1118	2 |(0, 0, 1) +(0,0,1/2) @(1/4,0,0) t_l=(1/2,0,0)
1119	2 |(1, 0, 0) +(1/2,0,0) @(0,1/4,0) t_l=(0,1/2,0)
1120	3 |(-1, -1, 1) +(0,0,0) @(0,1/2,0) t_l=(0,1/2,1/2)
1121	3 |(1, 1, 1) +(0,0,0) @(0,0,0) t_l=(0,0,0)
1122	2 |(1, 0, 0) +(1/2,0,0) @(0,1/4,0) t_l=(0,1/2,0)
1123	3^-1 |(1, 1, 1) +(0,0,0) @(0,0,0) t_l=(0,0,0)
1124	3^-1 |(-1, -1, 1) +(1/3,1/3,2/3) @(1/3,1/6,0) t_l=(5/6,5/6,2/3)
1125	2 |(1, 0, 0) +(0,0,0) @(0,0,0) t_l=(0,0,0)
1126	2 |(0, 1, 0) +(0,1/2,0) @(1/6,0,1/3) t_l=(2/3,5/6,1/3)
1127	3^-1 |(0, 0, 1) +(0,0,0) @(0,0,0) t_l=(0,0,0)
1128	3 |(0, 0, 1) +(0,0,0) @(0,0,0) t_l=(0,0,0)
1129	3^-1 |(-1, 1, 1) +(0,0,0) @(1/2,1/2,0) t_l=(1/2,0,1/2)
1130	3^-1 |(1, 1, 1) +(0,0,0) @(0,0,0) t_l=(0,0,0)
1131	3 |(1, 1, 1) +(0,0,0) @(0,0,0) t_l=(0,0,0)
1132	3^-1 |(-1, -1, 1) +(1/3,1/3,2/3) @(1/3,1/6,0) t_l=(5/6,5/6,2/3)
1133	3 |(-1, -1, 1) +(0,0,0) @(0,1/2,0) t_l=(0,1/2,1/2)
1134	3 |(-1, 1, 1) +(2/3,1/3,1/3) @(1/6,1/6,0) t_l=(2/3,5/6,5/6)
1135	3 |(1, -1, 1) +(1/3,2/3,1/3) @(5/6,1/3,0) t_l=(5/6,2/3,5/6)
1136	3^-1 |(1, -1, 1) +(0,0,0) @(1/2,0,0) t_l=(1/2,1/2,0)
1137	3^-1 |(1, 1, 1) +(0,0,0) @(0,0,0) t_l=(0,0,0)
1138	3^-1 |(-1, 1, 1) +(0,0,0) @(1/2,1/2,0) t_l=(1/2,0,1/2)
1139	3 |(1, 1, 1) +(0,0,0) @(0,0,0) t_l=(0,0,0)
1140	2 |(1, 0, 0) +(0,0,0) @(0,0,0) t_l=(0,0,0)
1141	2 |(0, 1, 0) +(0,0,0) @(1/3,0,1/6) t_l=(1/3,2/3,2/3)
1142	2 |(1, 1, 0) +(0,0,0) @(0,0,0) t_l=(0,0,0)
1143	3 |(0, 0, 1) +(0,0,0) @(0,0,0) t_l=(0,0,0)
1144	3^-1 |(0, 0, 1) +(0,0,0) @(0,0,0) t_l=(0,0,0)
1145	2 |(1, 1, 0) +(1/2,1/2,0) @(5/6,0,1/3) t_l=(1/6,5/6,1/3)
1146	2 |(1, 0, 0) +(0,0,0) @(0,1/3,1/3) t_l=(2/3,1/3,1/3)
1147	2 |(0, 1, 0) +(0,0,0) @(1/3,0,1/6) t_l=(1/3,2/3,2/3)
1148	3^-1 |(0, 0, 1) +(0,0,0) @(0,0,0) t_l=(0,0,0)
1149	3 |(0, 0, 1) +(0,0,0) @(0,0,0) t_l=(0,0,0)
1150	2 |(1, 0, 0) +(1/2,0,0) @(0,1/4,0) t_l=(0,1/2,0)
1151	3^-1 |(-1, 1, 1) +(0,0,0) @(1/2,1/2,0) t_l=(1/2,0,1/2)
1152	3^-1 |(1, -1, 1) +(0,0,0) @(1/2,0,0) t_l=(1/2,1/2,0)
1153	2 |(1, 0, 0) +(1/2,0,0) @(0,1/4,0) t_l=(0,1/2,0)
1154	3 |(1, -1, 1) +(1/3,2/3,1/3) @(5/6,1/3,0) t_l=(5/6,2/3,5/6)
1155	3 |(-1, 1, 1) +(2/3,1/3,1/3) @(1/6,1/6,0) t_l=(2/3,5/6,5/6)
1156	2 |(1, 1, 0) +(1/2,1/2,0) @(1/6,0,1/6) t_l=(5/6,1/6,2/3)
1157	2 |(0, 1, 0) +(0,0,0) @(0,0,0) t_l=(0,0,0)
1158	2 |(1, 0, 0) +(1/2,0,0) @(0,1/6,1/6) t_l=(5/6,2/3,2/3)
1159	3^-1 |(0, 0, 1) +(0,0,0) @(0,0,0) t_l=(0,0,0)
1160	3 |(0, 0, 1) +(0,0,0) @(0,0,0) t_l=(0,0,0)
1161	2 |(1, 0, 0) +(1/2,0,0) @(0,1/4,0) t_l=(0,1/2,0)
1162	3^-1 |(-1, 1, 1) +(0,0,0) @(1/2,1/2,0) t_l=(1/2,0,1/2)
1163	3^-1 |(1, -1, 1) +(0,0,0) @(1/2,0,0) t_l=(1/2,1/2,0)
1164	2 |(1, 0, 0) +(1/2,0,0) @(0,1/4,0) t_l=(0,1/2,0)
1165	3 |(1, -1, 1) +(1/3,2/3,1/3) @(5/6,1/3,0) t_l=(5/6,2/3,5/6)
1166	3 |(-1, 1, 1) +(2/3,1/3,1/3) @(1/6,1/6,0) t_l=(2/3,5/6,5/6)
1167	1 |(0, 0, 0) +(1/2,1/2,0) @(0,0,0) t_l=(0,0,0)
1168	2 |(0, 1, 0) +(0,0,0) @(0,0,0) t_l=(0,0,0)
1169	1 |(0, 0, 0) +(0,0,0) @(0,0,0) t_l=(0,0,0)
1170	2 |(0, 1, 0) +(0,0,0) @(0,0,0) t_l=(0,0,0)
1171	2 |(0, 1, 0) +(0,0,0) @(0,0,0) t_l=(0,0,0)
1172	1 |(0, 0, 0) +(0,0,0) @(0,0,0) t_l=(0,0,0)
1173	2 |(0, 0, 1) +(0,0,1/2) @(1/4,0,0) t_l=(1/2,0,0)
1174	1 |(0, 0, 0) +(0,0,0) @(0,0,0) t_l=(0,0,0)
1175	2 |(0, 0, 1) +(0,0,1/2) @(1/4,0,0) t_l=(1/2,0,0)
1176	1 |(0, 0, 0) +(0,0,0) @(0,0,0) t_l=(0,0,0)
1177	2 |(1, 1, 0) +(1/2,1/2,0) @(1/6,0,1/6) t_l=(5/6,1/6,2/3)
1178	2 |(0, 1, 0) +(0,0,0) @(0,0,0) t_l=(0,0,0)
1179	2 |(1, 0, 0) +(1/2,0,0) @(0,1/65/6,2/3,2/3)
1180	3^-1 |(0, 0, 1) +(0,0,0) @(0,0,0) t_l=(0,0,0)
1181	3 |(0, 0, 1) +(0,0,0) @(0,0,0) t_l=(0,0,0)
1182	2 |(1, 0, 0) +(1/2,0,0) @(0,1/4,0) t_l=(0,1/2,0)
1183	3^-1 |(-1, 1, 1) +(0,0,0) @(1/2,1/2,0) t_l=(1/2,0,1/2)
1184	3^-1 |(1, -1, 1) +(0,0,0) @(1/2,0,0) t_l=(1/2,1/2,0)
1185	2 |(1, 0, 0) +(1/2,0,0) @(0,1/4,0) t_l=(0,1/2,0)
1186	3 |(1, -1, 1) +(1/3,2/3,1/3) @(5/6,1/3,0) t_l=(5/6,2/3,5/6)
1187	3 |(-1, 1, 1) +(2/3,1/3,1/3) @(1/6,1/6,0) t_l=(2/3,5/6,5/6)
1188	3 |(0, 0, 1) +(0,0,2/3) @(0,1/3,0) t_l=(2/3,1/3,0)
1189	3 |(0, 0, 1) +(0,0,0) @(0,0,0) t_l=(0,0,0)
1190	3 |(0, 0, 1) +(0,0,0) @(0,0,0) t_l=(0,0,0)
1191	3^-1 |(0, 0, 1) +(0,0,0) @(0,0,0) t_l=(0,0,0)
1192	2 |(1, 1, 0) +(1/2,1/2,0) @(5/6,0,1/3) t_l=(1/6,5/6,1/3)
1193	2 |(0, 1, 0) +(0,0,0) @(1/3,0,1/6) t_l=(1/3,2/3,2/3)
1194	2 |(1, 0, 0) +(0,0,0) @(0,1/3,1/3) t_l=(2/3,1/3,1/3)
1195	3^-1 |(0, 0, 1) +(0,0,0) @(0,0,0) t_l=(0,0,0)
1196	3 |(0, 0, 1) +(0,0,0) @(0,0,0) t_l=(0,0,0)
1197	2 |(0, 1, 0) +(0,1/2,0) @(1/4,0,0) t_l=(1/2,0,0)
1198	2 |(0, 1, 0) +(0,1/2,0) @(1/4,0,0) t_l=(1/2,0,0)
1199	2 |(0, 0, 1) +(0,0,0) @(0,0,0) t_l=(0,0,0)
1200	2 |(0, 0, 1) +(0,0,0) @(0,0,0) t_l=(0,0,0)
1201	3 |(0, 0, 1) +(0,0,1/3) @(1/3,1/3,0) t_l=(1/3,2/3,0)
1202	3^-1 |(0, 0, 1) +(0,0,2/3) @(1/3,1/3,0) t_l=(2/3,1/3,0)
1203	3 |(0, 0, 1) +(0,0,0) @(0,0,0) t_l=(0,0,0)
1204	3^-1 |(0, 0, 1) +(0,0,0) @(0,0,0) t_l=(0,0,0)
1205	3^-1 |(0, 0, 1) +(0,0,1/3) @(1/3,0,0) t_l=(1/3,2/3,0)
1206	3 |(0, 0, 1) +(0,0,1/3) @(1/3,1/3,0) t_l=(1/3,2/3,0)
1207	3^-1 |(0, 0, 1) +(0,0,2/3) @(1/3,1/3,0) t_l=(2/3,1/3,0)
1208	1 |(0, 0, 0) +(0,0,0) @(0,0,0) t_l=(0,0,0)
1209	2 |(1, 0, 0) +(1/2,0,0) @(0,1/4,0) t_l=(0,1/2,0)
1210	3^-1 |(-1, 1, 1) +(0,0,0) @(1/2,1/2,0) t_l=(1/2,0,1/2)
1211	3^-1 |(1, -1, 1) +(0,0,0) @(1/2,0,0) t_l=(1/2,1/2,0)
1212	2 |(1, 0, 0) +(1/2,0,0) @(0,1/4,0) t_l=(0,1/2,0)
1213	3 |(1, -1, 1) +(1/3,2/3,1/3) @(5/6,1/3,0) t_l=(5/6,2/3,5/6)
1214	3 |(-1, 1, 1) +(2/3,1/3,1/3) @(1/6,1/6,0) t_l=(2/3,5/6,5/6)
1215	2 |(1, 0, 0) +(1/2,0,0) @(0,1/4,0) t_l=(0,1/2,0)
1216	3^-1 |(-1, 1, 1) +(0,0,0) @(1/2,1/2,0) t_l=(1/2,0,1/2)
1217	3^-1 |(1, -1, 1) +(0,0,0) @(1/2,0,0) t_l=(1/2,1/2,0)
1218	2 |(1, 0, 0) +(1/2,0,0) @(0,1/4,0) t_l=(0,1/2,0)
1219	3 |(1, -1, 1) +(1/3,2/3,1/3) @(5/6,1/3,0) t_l=(5/6,2/3,5/6)
1220	3 |(-1, 1, 1) +(2/3,1/3,1/3) @(1/6,1/6,0) t_l=(2/3,5/6,5/6)
1221	2 |(0, 0, 1) +(0,0,0) @(0,0,0) t_l=(0,0,0)
1222	1 |(0, 0, 0) +(0,0,0) @(0,0,0) t_l=(0,0,0)
1223	2 |(1, 0, 0) +(1/2,0,0) @(0,1/4,0) t_l=(0,1/2,0)
1224	2 |(0, 1, 0) +(0,1/2,0) @(1/4,0,0) t_l=(1/2,0,0)
1225	2 |(1, 0, 0) +(1/2,0,0) @(0,1/4,0) t_l=(0,1/2,0)
1226	2 |(0, 0, 1) +(0,0,0) @(0,0,0) t_l=(0,0,0)
1227	2 |(1, 0, 0) +(1/2,0,0) @(0,1/4,0) t_l=(0,1/2,0)
1228	2 |(1, 0, 0) +(1/2,0,0) @(0,1/4,0) t_l=(0,1/2,0)
1229	1 |(0, 0, 0) +(0,0,0) @(0,0,0) t_l=(0,0,0)
1230	2 |(1, 0, 0) +(1/2,0,0) @(0,1/4,0) t_l=(0,1/2,0)
1231	3^-1 |(-1, 1, 1) +(0,0,0) @(1/2,1/2,0) t_l=(1/2,0,1/2)
1232	3^-1 |(1, -1, 1) +(0,0,0) @(1/2,0,0) t_l=(1/2,1/2,0)
1233	2 |(1, 0, 0) +(1/2,0,0) @(0,1/4,0) t_l=(0,1/2,0)
1234	3 |(1, -1, 1) +(1/3,2/3,1/3) @(5/6,1/3,0) t_l=(5/6,2/3,5/6)
1235	3 |(-1, 1, 1) +(2/3,1/3,1/3) @(1/6,1/6,0) t_l=(2/3,5/6,5/6)
1236	1 |(0, 0, 0) +(0,0,0) @(0,0,0) t_l=(0,0,0)
1237	1 |(0, 0, 0) +(0,0,0) @(0,0,0) t_l=(0,0,0)
1238	1 |(0, 0, 0) +(0,0,0) @(0,0,0) t_l=(0,0,0)
1239	1 |(0, 0, 0) +(0,0,0) @(0,0,0) t_l=(0,0,0)
1240	1 |(0, 0, 0) +(0,0,0) @(0,0,0) t_l=(0,0,0)
1241	1 |(0, 0, 0) +(0,0,0) @(0,0,0) t_l=(0,0,0)
1242	1 |(0, 0, 0) +(0,0,0) @(0,0,0) t_l=(0,0,0)
1243	1 |(0, 0, 0) +(0,0,0) @(0,0,0) t_l=(0,0,0)
1244	3^-11) +(0,0,0) @(1/2,1/2,0) t_l=(1/2,0,1/2)
1245	3^-1 |(1, 1, 1) +(0,0,0) @(0,0,0) t_l=(0,0,0)
1246	3 |(1, 1, 1) +(0,0,0) @(0,0,0) t_l=(0,0,0)
1247	3^-1 |(-1, -1, 1) +(1/3,1/3,2/3) @(1/3,1/6,0) t_l=(5/6,5/6,2/3)
1248	3 |(-1, -1, 1) +(0,0,0) @(0,1/2,0) t_l=(0,1/2,1/2)
1249	2 |(1, 0, 0) +(1/2,0,0) @(0,1/4,0) t_l=(0,1/2,0)
1250	2 |(0, 0, 1) +(0,0,1/2) @(1/4,0,0) t_l=(1/2,0,0)
1251	2 |(0, 1, 0) +(0,1/2,0) @(0,0,1/4) t_l=(0,0,1/2)
1252	2 |(0, 0, 1) +(0,0,1/2) @(1/4,0,0) t_l=(1/2,0,0)
1253	2 |(0, 0, 1) +(0,0,1/2) @(1/4,0,0) t_l=(1/2,0,0)
1254	2 |(1, 0, 0) +(1/2,0,0) @(0,1/4,0) t_l=(0,1/2,0)
1255	2 |(0, 1, 0) +(0,1/2,0) @(0,0,1/4) t_l=(0,0,1/2)
1256	1 |(0, 0, 0) +(0,0,0) @(0,0,0) t_l=(0,0,0)
1257	2 |(1, 0, 0) +(1/2,0,0) @(0,1/4,0) t_l=(0,1/2,0)
1258	1 |(0, 0, 0) +(0,0,0) @(0,0,0) t_l=(0,0,0)
1259	2 |(1, 0, 0) +(0,0,0) @(0,0,0) t_l=(0,0,0)
1260	2 |(0, 1, 0) +(0,0,0) @(1/3,0,1/6) t_l=(1/3,2/3,2/3)
1261	2 |(1, 1, 0) +(0,0,0) @(0,0,0) t_l=(0,0,0)
1262	3 |(0, 0, 1) +(0,0,0) @(0,0,0) t_l=(0,0,0)
1263	3^-1 |(0, 0, 1) +(0,0,0) @(0,0,0) t_l=(0,0,0)
1264	3^-1 |(-1, 1, 1) +(0,0,0) @(1/2,1/2,0) t_l=(1/2,0,1/2)
1265	3^-1 |(1, 1, 1) +(0,0,0) @(0,0,0) t_l=(0,0,0)
1266	3 |(1, 1, 1) +(0,0,0) @(0,0,0) t_l=(0,0,0)
1267	3^-1 |(-1, -1, 1) +(1/3,1/3,2/3) @(1/3,1/6,0) t_l=(5/6,5/6,2/3)
1268	3 |(-1, -1, 1) +(0,0,0) @(0,1/2,0) t_l=(0,1/2,1/2)
1269	3 |(-1, 1, 1) +(2/3,1/3,1/3) @(1/6,1/6,0) t_l=(2/3,5/6,5/6)
1270	2 |(1, 0, 0) +(1/2,0,0) @(0,1/4,0) t_l=(0,1/2,0)
1271	2 |(0, 0, 1) +(0,0,1/2) @(1/4,0,0) t_l=(1/2,0,0)
1272	2 |(0, 1, 0) +(0,1/2,0) @(0,0,1/4) t_l=(0,0,1/2)
1273	1 |(0, 0, 0) +(0,0,0) @(0,0,0) t_l=(0,0,0)
1274	2 |(0, 1, 0) +(0,1/2,0) @(0,0,1/4) t_l=(0,0,1/2)
1275	2 |(1, 0, 0) +(1/2,0,0) @(0,1/4,0) t_l=(0,1/2,0)
1276	6^-1 |(0, 0, 1) +(0,0,5/6) @(0,0,0) t_l=(0,0,0)
1277	6 |(0, 0, 1) +(0,0,1/6) @(0,0,0) t_l=(0,0,0)
1278	1 |(0, 0, 0) +(0,0,0) @(0,0,0) t_l=(0,0,0)
1279	6^-1 |(0, 0, 1) +(0,0,5/6) @(0,0,0) t_l=(0,0,0)
1280	6 |(0, 0, 1) +(0,0,1/6) @(0,0,0) t_l=(0,0,0)
1281	6 |(0, 0, 1) +(0,0,1/6) @(0,0,0) t_l=(0,0,0)
1282	6^-1 |(0, 0, 1) +(0,0,5/6) @(0,0,0) t_l=(0,0,0)
1283	6^-1 |(0, 0, 1) +(0,0,5/6) @(0,0,0) t_l=(0,0,0)
1284	6 |(0, 0, 1) +(0,0,1/6) @(0,0,0) t_l=(0,0,0)
1285	2 |(1, 0, 0) +(1/2,0,0) @(0,1/4,0) t_l=(0,1/2,0)
1286	3^-1 |(-1, 1, 1) +(0,0,0) @(1/2,1/2,0) t_l=(1/2,0,1/2)
1287	3^-1 |(1, -1, 1) +(0,0,0) @(1/2,0,0) t_l=(1/2,1/2,0)
1288	2 |(1, 0, 0) +(1/2,0,0) @(0,1/4,0) t_l=(0,1/2,0)
1289	3 |(1, -1, 1) +(1/3,2/3,1/3) @(5/6,1/3,0) t_l=(5/6,2/3,5/6)
1290	3 |(-1, 1, 1) +(2/3,1/3,1/3) @(1/6,1/6,0) t_l=(2/3,5/6,5/6)
1291	3^-1 |(-1, 1, 1) +(0,0,0) @(1/2,1/2,0) t_l=(1/2,0,1/2)
1292	3 |(1, 1, 1) +(0,0,0) @(0,0,0) t_l=(0,0,0)
1293	3^-1 |(1, 1, 1) +(0,0,0) @(0,0,0) t_l=(0,0,0)
1294	3^-1 |(-1, -1, 1) +(1/3,1/3,2/3) @(1/3,1/6,0) t_l=(5/6,5/6,2/3)
1295	3 |(-1, -1, 1) +(0,0,0) @(0,1/2,0) t_l=(0,1/2,1/2)
1296	3 |(-1, 1, 1) +(2/3,1/3,1/3) @(1/6,1/6,0) t_l=(2/3,5/6,5/6)
1297	6^-1 |(0, 0, 1) +(0,0,1/2) @(0,0,0) t_l=(0,0,0)
1298	6 |(0, 0, 1) +(0,0,1/2) @(0,0,0) t_l=(0,0,0)
1299	2 |(0, 0, 1) +(0,0,1/2) @(0,0,0) t_l=(0,0,0)
1300	3^-1 |(0, 0, 1) +(0,0,0) @(0,0,0) t_l=(0,0,0)
1301	3 |(0, 0, 1) +(0,0,0) @(0,0,0) t_l=(0,0,0)
1302	6 |(0, 0, 1) +(0,0,1/2) @(0,0,0) t_l=(0,0,0)
1303	6^-1 |(0, 0, 1) +(0,0,1/2) @(0,0,0) t_l=(0,0,0)
1304	3^-1 |(-1, 1, 1) +(0,0,0) @(1/2,1/2,0) t_l=(1/2,0,1/2)
1305	3 |(1, 1, 1) +(0,0,0) @(0,0,0) t_l=(0,0,0)
1306	3 |(-1, 1, 1) +(2/3,1/3,1/3) @(1/6,1/6,0) t_l=(2/3,5/6,5/6)
1307	3^-1 |(1, 1, 1) +(0,0,0) @(0,0,0) t_l=(0,0,0)
1308	3^-1 |(-1, -1, 1) +(1/3,1/3,2/3) @(1/3,1/6,0) t_l=(5/6,5/69
1309	3 |(-1, -1, 1) +(0,0,0) @(0,1/2,0) t_l=(0,1/2,1/2)
1310	2 |(1, 0, 0) +(1/2,0,0) @(0,1/4,0) t_l=(0,1/2,0)
1311	2 |(1, 0, 0) +(1/2,0,0) @(0,1/4,0) t_l=(0,1/2,0)
1312	2 |(0, 0, 1) +(0,0,1/2) @(1/4,0,0) t_l=(1/2,0,0)
1313	2 |(1, 0, 0) +(1/2,0,0) @(0,1/4,0) t_l=(0,1/2,0)
1314	2 |(1, 0, 0) +(1/2,0,0) @(0,1/4,0) t_l=(0,1/2,0)
1315	3 |(1, -1, 1) +(1/3,2/3,1/3) @(5/6,1/3,0) t_l=(5/6,2/3,5/6)
1316	3^-1 |(1, -1, 1) +(0,0,0) @(1/2,0,0) t_l=(1/2,1/2,0)
1317	3^-1 |(1, 1, 1) +(0,0,0) @(0,0,0) t_l=(0,0,0)
1318	3^-1 |(-1, 1, 1) +(0,0,0) @(1/2,1/2,0) t_l=(1/2,0,1/2)
1319	2 |(0, 1, 0) +(0,1/2,0) @(0,0,1/4) t_l=(0,0,1/2)
1320	3^-1 |(-1, -1, 1) +(1/3,1/3,2/3) @(1/3,1/6,0) t_l=(5/6,5/6,2/3)
1321	3^-1 |(1, 1, 1) +(0,0,0) @(0,0,0) t_l=(0,0,0)
1322	2 |(0, 1, 0) +(0,1/2,0) @(0,0,1/4) t_l=(0,0,1/2)
1323	3 |(1, 1, 1) +(0,0,0) @(0,0,0) t_l=(0,0,0)
1324	3 |(-1, -1, 1) +(0,0,0) @(0,1/2,0) t_l=(0,1/2,1/2)
1325	2 |(1, 1, 0) +(0,0,0) @(0,0,0) t_l=(0,0,0)
1326	2 |(0, 1, 0) +(0,1/2,0) @(1/6,0,1/3) t_l=(2/3,5/6,1/3)
1327	2 |(1, 0, 0) +(1/2,0,0) @(0,1/6,1/6) t_l=(5/6,2/3,2/3)
1328	2 |(0, 1, 0) +(0,0,0) @(0,0,0) t_l=(0,0,0)
1329	3^-1 |(0, 0, 1) +(0,0,0) @(0,0,0) t_l=(0,0,0)
1330	3 |(0, 0, 1) +(0,0,0) @(0,0,0) t_l=(0,0,0)
1331	3^-1 |(1, -1, 1) +(0,0,0) @(1/2,0,0) t_l=(1/2,1/2,0)
1332	3^-1 |(1, 1, 1) +(0,0,0) @(0,0,0) t_l=(0,0,0)
1333	3 |(1, 1, 1) +(0,0,0) @(0,0,0) t_l=(0,0,0)
1334	3 |(-1, 1, 1) +(2/3,1/3,1/3) @(1/6,1/6,0) t_l=(2/3,5/6,5/6)
1335	3^-1 |(-1, 1, 1) +(0,0,0) @(1/2,1/2,0) t_l=(1/2,0,1/2)
1336	3 |(1, -1, 1) +(1/3,2/3,1/3) @(5/6,1/3,0) t_l=(5/6,2/3,5/6)
1337	3^-1 |(-1, 1, 1) +(0,0,0) @(1/2,1/2,0) t_l=(1/2,0,1/2)
1338	3 |(1, 1, 1) +(0,0,0) @(0,0,0) t_l=(0,0,0)
1339	3^-1 |(1, 1, 1) +(0,0,0) @(0,0,0) t_l=(0,0,0)
1340	3^-1 |(-1, -1, 1) +(1/3,1/3,2/3) @(1/3,1/6,0) t_l=(5/6,5/6,2/3)
1341	3 |(-1, -1, 1) +(0,0,0) @(0,1/2,0) t_l=(0,1/2,1/2)
1342	3 |(-1, 1, 1) +(2/3,1/3,1/3) @(1/6,1/6,0) t_l=(2/3,5/6,5/6)
1343	2 |(1, 0, 0) +(1/2,0,0) @(0,1/4,0) t_l=(0,1/2,0)
1344	3^-1 |(-1, 1, 1) +(0,0,0) @(1/2,1/2,0) t_l=(1/2,0,1/2)
1345	3^-1 |(1, -1, 1) +(0,0,0) @(1/2,0,0) t_l=(1/2,1/2,0)
1346	2 |(1, 0, 0) +(1/2,0,0) @(0,1/4,0) t_l=(0,1/2,0)
1347	3 |(1, -1, 1) +(1/3,2/3,1/3) @(5/6,1/3,0) t_l=(5/6,2/3,5/6)
1348	3 |(-1, 1, 1) +(2/3,1/3,1/3) @(1/6,1/6,0) t_l=(2/3,5/6,5/6)
1349	3 |(1, 1, 1) +(0,0,0) @(0,0,0) t_l=(0,0,0)
1350	3^-1 |(-1, 1, 1) +(0,0,0) @(1/2,1/2,0) t_l=(1/2,0,1/2)
1351	3^-1 |(1, 1, 1) +(0,0,0) @(0,0,0) t_l=(0,0,0)
1352	3^-1 |(-1, -1, 1) +(1/3,1/3,2/3) @(1/3,1/6,0) t_l=(5/6,5/6,2/3)
1353	3 |(-1, -1, 1) +(0,0,0) @(0,1/2,0) t_l=(0,1/2,1/2)
1354	3 |(-1, 1, 1) +(2/3,1/3,1/3) @(1/6,1/6,0) t_l=(2/3,5/6,5/6)
1355	2 |(1, 0, 0) +(0,0,0) @(0,0,0) t_l=(0,0,0)
1356	2 |(0, 1, 0) +(0,0,0) @(1/3,0,1/6) t_l=(1/3,2/3,2/3)
1357	2 |(1, 1, 0) +(0,0,0) @(0,0,0) t_l=(0,0,0)
1358	3 |(0, 0, 1) +(0,0,0) @(0,0,0) t_l=(0,0,0)
1359	3^-1 |(0, 0, 1) +(0,0,0) @(0,0,0) t_l=(0,0,0)
1360	2 |(1, 0, 0) +(1/2,0,0) @(0,1/4,0) t_l=(0,1/2,0)
1361	3^-1 |(-1, 1, 1) +(0,0,0) @(1/2,1/2,0) t_l=(1/2,0,1/2)
1362	3^-1 |(1, -1, 1) +(0,0,0) @(1/2,0,0) t_l=(1/2,1/2,0)
1363	2 |(1, 0, 0) +(1/2,0,0) @(0,1/4,0) t_l=(0,1/2,0)
1364	3 |(1, -1, 1) +(1/3,2/3,1/3) @(5/6,1/3,0) t_l=(5/6,2/3,5/6)
1365	3 |(-1, 1, 1) +(2/3,1/3,1/3) @(1/6,1/6,0) t_l=(2/3,5/6,5/6)
1366	2 |(1, 0, 0) +(1/2,0,0) @(0,1/4,0) t_l=(0,1/2,0)
1367	3^-1 |(-1, 1, 1) +(0,0,0) @(1/2,1/2,0) t_l=(1/2,0,1/2)
1368	3^-1 |(1, -1, 1) +(0,0,0) @(1/2,0,0) t_l=(1/2,1/2,0)
1369	2 |(1, 0, 0) +(1/2,0,0) @(0,1/4,0) t_l=(0,1/2,0)
1370	3 |(1, -1, 1) +(1/3,2/3,1/3) @(5/6,1/3,0) t_l=(5/6,2/3,5/6)
1371	3 |(-1, 1, ,1/3) @(1/6,1/6,0) t_l=(2/3,5/6,5/6)
1372	3^-1 |(1, 1, 1) +(0,0,0) @(0,0,0) t_l=(0,0,0)
1373	3 |(1, -1, 1) +(1/3,2/3,1/3) @(5/6,1/3,0) t_l=(5/6,2/3,5/6)
1374	3^-1 |(1, -1, 1) +(0,0,0) @(1/2,0,0) t_l=(1/2,1/2,0)
1375	3^-1 |(-1, 1, 1) +(0,0,0) @(1/2,1/2,0) t_l=(1/2,0,1/2)
1376	3 |(1, 1, 1) +(0,0,0) @(0,0,0) t_l=(0,0,0)
1377	3 |(0, 0, 1) +(0,0,0) @(0,0,0) t_l=(0,0,0)
1378	2 |(0, 1, 0) +(0,0,0) @(0,0,0) t_l=(0,0,0)
1379	2 |(1, 0, 0) +(0,0,0) @(0,1/3,1/3) t_l=(2/3,1/3,1/3)
1380	3^-1 |(0, 0, 1) +(0,0,0) @(0,0,0) t_l=(0,0,0)
1423	1 |(0, 0, 0) +(0,0,0) @(0,0,0) t_l=(0,0,0)
1424	1 |(0, 0, 0) +(0,0,0) @(0,0,0) t_l=(0,0,0)
1425	1 |(0, 0, 0) +(0,0,0) @(0,0,0) t_l=(0,0,0)
1426	1 |(0, 0, 0) +(0,0,0) @(0,0,0) t_l=(0,0,0)
1427	1 |(0, 0, 0) +(0,0,0) @(0,0,0) t_l=(0,0,0)
1428	1 |(0, 0, 0) +(0,0,0) @(0,0,0) t_l=(0,0,0)
1429	1 |(0, 0, 0) +(0,0,0) @(0,0,0) t_l=(0,0,0)
1430	2 |(0, 1, 0) +(0,1/2,0) @(1/4,0,0) t_l=(1/2,0,0)
1431	1 |(0, 0, 0) +(1/2,1/2,0) @(0,0,0) t_l=(0,0,0)
1432	2 |(0, 1, 0) +(0,1/2,0) @(1/4,0,0) t_l=(1/2,0,0)
1433	2 |(0, 1, 0) +(0,1/2,0) @(1/4,0,0) t_l=(1/2,0,0)
1434	2 |(0, 1, 0) +(0,0,0) @(0,0,0) t_l=(0,0,0)
1435	2 |(0, 1, 0) +(0,1/2,0) @(1/4,0,0) t_l=(1/2,0,0)
1436	1 |(0, 0, 0) +(1/2,1/2,0) @(0,0,0) t_l=(0,0,0)
1437	2 |(1, 0, 0) +(1/2,0,0) @(0,1/4,1/8) t_l=(0,1/2,3/4)
1438	4 |(0, 0, 1) +(0,0,3/4) @(0,1/2,0) t_l=(1/2,1/2,0)
1439	2 |(1, 1, 0) +(0,0,0) @(0,0,0) t_l=(0,0,0)
1440	4^-1 |(0, 0, 1) +(0,0,1/4) @(1/2,0,0) t_l=(1/2,1/2,0)
1441	2 |(1, 0, 0) +(1/2,0,0) @(0,1/4,1/8) t_l=(0,1/2,3/4)
1442	2 |(0, 1, 0) +(0,1/2,0) @(0,0,0) t_l=(0,0,0)
1443	1 |(0, 0, 0) +(0,0,0) @(0,0,0) t_l=(0,0,0)
1444	1 |(0, 0, 0) +(0,0,0) @(0,0,0) t_l=(0,0,0)
1445	1 |(0, 0, 0) +(0,0,0) @(0,0,0) t_l=(0,0,0)
1446	2 |(0, 1, 0) +(0,1/2,0) @(0,0,0) t_l=(0,0,0)
1447	2 |(0, 1, 0) +(0,1/2,0) @(0,0,0) t_l=(0,0,0)
1448	1 |(0, 0, 0) +(0,0,0) @(0,0,0) t_l=(0,0,0)
1449	1 |(0, 0, 0) +(0,0,0) @(0,0,0) t_l=(0,0,0)
1450	1 |(0, 0, 0) +(0,0,0) @(0,0,0) t_l=(0,0,0)
1451	1 |(0, 0, 0) +(0,0,0) @(0,0,0) t_l=(0,0,0)
1452	1 |(0, 0, 0) +(0,0,0) @(0,0,0) t_l=(0,0,0)
1453	1 |(0, 0, 0) +(0,0,0) @(0,0,0) t_l=(0,0,0)
1454	2 |(1, 0, 0) +(1/2,0,0) @(0,1/4,0) t_l=(0,1/2,0)
1455	2 |(1, 0, 0) +(1/2,0,0) @(0,1/4,0) t_l=(0,1/2,0)
1456	1 |(0, 0, 0) +(0,0,0) @(0,0,0) t_l=(0,0,0)
1457	2 |(0, 1, 0) +(0,1/2,0) @(0,0,1/4) t_l=(0,0,1/2)
1458	2 |(0, 1, 0) +(0,1/2,0) @(0,0,1/4) t_l=(0,0,1/2)
1459	1 |(0, 0, 0) +(0,0,0) @(0,0,0) t_l=(0,0,0)
1460	1 |(0, 0, 0) +(0,0,0) @(0,0,0) t_l=(0,0,0)
1461	2 |(1, 0, 0) +(1/2,0,0) @(0,1/4,0) t_l=(0,1/2,0)
1462	2 |(0, 1, 0) +(0,1/2,0) @(0,0,1/4) t_l=(0,0,1/2)
1463	2 |(1, 0, 0) +(1/2,0,0) @(0,1/4,0) t_l=(0,1/2,0)
1464	1 |(0, 0, 0) +(0,0,0) @(0,0,0) t_l=(0,0,0)
1465	1 |(0, 0, 0) +(0,0,0) @(0,0,0) t_l=(0,0,0)
1466	2 |(0, 1, 0) +(0,1/2,0) @(0,0,1/4) t_l=(0,0,1/2)
1467	1 |(0, 0, 0) +(0,0,0) @(0,0,0) t_l=(0,0,0)
1468	2 |(0, 1, 0) +(0,1/2,0) @(0,0,0) t_l=(0,0,0)
1469	2 |(0, 1, 0) +(0,1/2,0) @(0,0,0) t_l=(0,0,0)
1470	1 |(0, 0, 0) +(0,0,0) @(0,0,0) t_l=(0,0,0)
1471	1 |(0, 0, 0) +(0,0,0) @(0,0,0) t_l=(0,0,0)
1472	2 |(0, 1, 0) +(0,1/2,0) @(0,0,0) t_l=(0,0,0)
1473	2 |(0, 1, 0) +(0,1/2,0) @(0,0,0) t_l=(0,0,0)
1474	1 |(0, 0, 0) +(0,0,0) @(0,0,0) t_l=(0,0,0)
1475	1 |(0, 0, 0) +(0,0,0) @(0,0,0) t_l=(0,0,0)
1476	1 |(0, 0, 0) +(0,0,0) @(0,0,0) t_l=(0,0,0)
1477	1 |(0, 0, 0) +(0,0,0) @(0,0,0) t_l=(0,0,0)
1478	2 |(0, 1, 0) +(0,1/2,0) @(0,0,0) t_l=(0,0,0)
1479	2 |(0, 1, 0) +(0,1/2,0) @(0,0,0) t_l=(0,0,0)
1480	1 |(0, 0, 0) +(0,0,0) @(0,0,0) t_l=(0,0,0)
1481	2 |(1, 0, 0) +(1/2,0,0) @(0,1/4,0) t_l=(0,1/2,0)
1482	2 |(0, 1, 0 @(0,0,1/4) t_l=(0,0,1/2)
1483	2 |(1, 0, 0) +(1/2,0,0) @(0,1/4,0) t_l=(0,1/2,0)
1484	1 |(0, 0, 0) +(0,0,0) @(0,0,0) t_l=(0,0,0)
1485	1 |(0, 0, 0) +(0,0,0) @(0,0,0) t_l=(0,0,0)
1486	2 |(0, 1, 0) +(0,1/2,0) @(0,0,1/4) t_l=(0,0,1/2)
1487	1 |(0, 0, 0) +(0,0,0) @(0,0,0) t_l=(0,0,0)
1488	2 |(0, 1, 0) +(0,1/2,0) @(0,0,1/4) t_l=(0,0,1/2)
1489	2 |(0, 1, 0) +(0,1/2,0) @(0,0,1/4) t_l=(0,0,1/2)
1490	1 |(0, 0, 0) +(0,0,0) @(0,0,0) t_l=(0,0,0)
1491	1 |(0, 0, 0) +(0,0,0) @(0,0,0) t_l=(0,0,0)
1492	1 |(0, 0, 0) +(0,0,0) @(0,0,0) t_l=(0,0,0)
1493	1 |(0, 0, 0) +(0,0,0) @(0,0,0) t_l=(0,0,0)
1494	2 |(1, 0, 0) +(1/2,0,0) @(0,1/4,0) t_l=(0,1/2,0)
1495	2 |(1, 0, 0) +(1/2,0,0) @(0,1/4,0) t_l=(0,1/2,0)
