
ocuvanost 80 % (138)

[2, 3, 4, 5, 6, 7, 10, 12, 13, 16, 17, 18, 19, 20, 21, 22, 23, 24, 25, 26, 28, 29, 30, 32, 33, 39, 42, 43, 45, 47, 49, 50, 52, 53, 54, 58, 59, 60, 61, 62, 63, 64, 65, 66, 67, 68, 70, 71, 72, 75, 76, 77, 81, 82, 83, 86, 87, 88, 89, 90, 91, 92, 93, 97, 102, 103, 105, 106, 108, 109, 111, 112, 113, 114, 115, 116, 117, 119, 120, 123, 124, 125, 126, 127, 128, 129, 130, 137, 138, 141, 150, 151, 152, 154, 155, 156, 157, 158, 159, 160, 162, 167, 172, 173, 175, 176, 177, 178, 179, 180, 181, 182, 183, 184, 186, 187, 188, 189, 190, 191, 193, 194, 196, 197, 199, 201, 202, 203, 204, 205, 206, 210, 217, 218, 221, 224, 228, 229]

prava ocuvanost 80 % (98)

[2, 3, 4, 5, 6, 7, 10, 12, 17, 20, 21, 22, 23, 24, 28, 29, 32, 33, 42, 43, 45, 47, 50, 52, 53, 54, 58, 60, 61, 62, 63, 64, 65, 66, 68, 71, 72, 75, 76, 77, 82, 83, 87, 89, 91, 92, 93, 102, 108, 109, 111, 112, 113, 114, 116, 117, 119, 120, 123, 124, 127, 130, 137, 141, 150, 151, 152, 154, 155, 157, 159, 160, 167, 172, 173, 176, 179, 180, 181, 182, 183, 184, 186, 189, 191, 194, 196, 197, 202, 203, 204, 205, 210, 217, 221, 224, 228, 229]

ocuvanost 85 % (122)

[2, 3, 4, 5, 6, 7, 10, 12, 13, 16, 17, 18, 19, 20, 21, 22, 23, 24, 25, 28, 29, 32, 33, 39, 42, 43, 45, 47, 49, 50, 52, 54, 58, 59, 60, 61, 63, 64, 65, 66, 67, 68, 70, 71, 72, 75, 76, 77, 81, 82, 86, 87, 89, 90, 91, 92, 93, 102, 105, 108, 109, 111, 112, 113, 114, 115, 116, 117, 119, 120, 124, 125, 126, 127, 129, 130, 137, 141, 150, 151, 152, 154, 155, 157, 158, 159, 160, 162, 167, 172, 176, 177, 178, 179, 180, 181, 182, 183, 184, 186, 187, 188, 189, 190, 191, 193, 194, 196, 197, 201, 202, 203, 204, 205, 206, 210, 217, 218, 221, 224, 228, 229]

prava ocuvanost 85 % (93)

[2, 3, 4, 5, 6, 7, 10, 12, 17, 20, 21, 22, 23, 24, 28, 29, 32, 33, 42, 43, 45, 47, 50, 52, 54, 58, 60, 61, 63, 64, 65, 66, 68, 71, 72, 75, 76, 77, 82, 87, 89, 91, 92, 93, 102, 108, 109, 111, 112, 113, 114, 116, 117, 119, 120, 124, 127, 130, 137, 141, 150, 151, 152, 154, 155, 157, 159, 160, 167, 172, 176, 179, 180, 181, 182, 183, 184, 186, 189, 191, 194, 196, 197, 202, 203, 204, 205, 210, 217, 221, 224, 228, 229]

ocuvanost 90 % (105)

[2, 3, 4, 5, 7, 10, 12, 13, 16, 17, 19, 20, 21, 22, 23, 24, 25, 28, 29, 32, 33, 39, 42, 43, 45, 47, 49, 50, 52, 54, 58, 59, 60, 61, 63, 64, 65, 66, 67, 68, 70, 71, 72, 75, 76, 82, 86, 87, 89, 90, 91, 92, 93, 102, 108, 109, 111, 112, 113, 115, 116, 117, 119, 120, 124, 126, 127, 129, 137, 141, 150, 151, 152, 154, 155, 157, 158, 159, 160, 162, 179, 180, 181, 182, 183, 184, 186, 189, 190, 191, 193, 194, 196, 201, 202, 203, 204, 205, 206, 217, 218, 221, 224, 228, 229]

prava ocuvanost 90 % (84)

[2, 3, 4, 5, 7, 10, 12, 17, 20, 21, 22, 23, 24, 28, 29, 32, 33, 42, 43, 45, 47, 50, 52, 54, 58, 60, 61, 63, 64, 65, 66, 68, 71, 72, 75, 76, 82, 87, 89, 91, 92, 93, 102, 108, 109, 111, 112, 113, 116, 117, 119, 120, 124, 127, 137, 141, 150, 151, 152, 154, 155, 157, 159, 160, 179, 180, 181, 182, 183, 184, 186, 189, 191, 194, 196, 202, 203, 204, 205, 217, 221, 224, 228, 229]

ocuvanost 95 % (81)

[2, 3, 4, 5, 7, 12, 13, 17, 19, 20, 21, 22, 23, 24, 25, 28, 29, 33, 39, 42, 43, 45, 47, 49, 50, 52, 54, 58, 60, 61, 63, 64, 65, 66, 67, 68, 70, 71, 72, 75, 76, 86, 87, 89, 91, 92, 102, 108, 109, 111, 112, 113, 116, 117, 119, 124, 127, 129, 141, 151, 154, 159, 160, 180, 181, 183, 184, 186, 189, 191, 193, 196, 201, 202, 203, 204, 205, 217, 221, 224, 229]

prava ocuvanost 95 % (70)

[2, 3, 4, 5, 7, 12, 17, 20, 21, 22, 23, 24, 28, 29, 33, 42, 43, 45, 47, 50, 52, 54, 58, 60, 61, 63, 64, 65, 66, 68, 71, 72, 75, 76, 87, 89, 91, 92, 102, 108, 109, 111, 112, 113, 116, 117, 119, 124, 127, 141, 151, 154, 159, 160, 180, 181, 183, 184, 186, 189, 191, 196, 202, 203, 204, 205, 217, 221, 224, 229]

(prava) ocuvanost 100 % (32)

[4, 5, 12, 20, 21, 22, 24, 43, 50, 58, 60, 63, 65, 68, 71, 72, 75, 76, 87, 89, 92, 111, 116, 124, 151, 159, 160, 180, 181, 204, 217, 224]



{2: 98.80952380952381, 3: 98.21428571428571, 4: 100.0, 5: 100.0, 6: 89.28571428571429, 7: 98.80952380952381, 10: 94.64285714285714, 12: 100.0, 17: 95.23809523809523, 20: 100.0, 21: 100.0, 22: 100.0, 23: 98.21428571428571, 24: 100.0, 28: 98.80952380952381, 29: 97.02380952380952, 32: 91.66666666666666, 33: 95.83333333333334, 42: 97.61904761904762, 43: 100.0, 45: 98.21428571428571, 47: 99.40476190476191, 50: 100.0, 52: 97.02380952380952, 53: 82.73809523809523, 54: 98.21428571428571, 58: 100.0, 60: 100.0, 61: 96.42857142857143, 62: 80.95238095238095, 63: 100.0, 64: 98.80952380952381, 65: 100.0, 66: 97.02380952380952, 68: 100.0, 71: 100.0, 72: 100.0, 75: 100.0, 76: 100.0, 77: 86.30952380952381, 82: 92.85714285714286, 83: 81.54761904761905, 87: 100.0, 89: 100.0, 91: 98.21428571428571, 92: 100.0, 93: 94.04761904761905, 102: 95.83333333333334, 108: 98.21428571428571, 109: 99.40476190476191, 111: 100.0, 112: 99.40476190476191, 113: 98.21428571428571, 114: 86.30952380952381, 116: 100.0, 117: 99.40476190476191, 119: 98.80952380952381, 120: 94.64285714285714, 123: 80.95238095238095, 124: 100.0, 127: 99.40476190476191, 130: 89.28571428571429, 137: 93.45238095238095, 141: 98.21428571428571, 150: 90.47619047619048, 151: 100.0, 152: 94.64285714285714, 154: 97.61904761904762, 155: 94.04761904761905, 157: 92.26190476190477, 159: 100.0, 160: 100.0, 167: 89.88095238095238, 172: 85.71428571428571, 173: 80.95238095238095, 176: 86.90476190476191, 179: 94.04761904761905, 180: 100.0, 181: 100.0, 182: 92.85714285714286, 183: 99.40476190476191, 184: 99.40476190476191, 186: 99.40476190476191, 189: 97.02380952380952, 191: 97.61904761904762, 194: 92.85714285714286, 196: 97.02380952380952, 197: 86.30952380952381, 202: 98.21428571428571, 203: 98.80952380952381, 204: 100.0, 205: 96.42857142857143, 210: 89.88095238095238, 217: 100.0, 221: 98.21428571428571, 224: 100.0, 228: 93.45238095238095, 229: 97.61904761904762}

{1: 13.690476190476192, 2: 98.80952380952381, 3: 98.21428571428571, 4: 100.0, 5: 100.0, 6: 89.28571428571429, 7: 98.80952380952381, 8: 8.333333333333332, 9: 1.7857142857142856, 10: 94.64285714285714, 11: 62.5, 12: 100.0, 13: 0.5952380952380952, 14: 1.1904761904761905, 15: 0.5952380952380952, 16: 2.380952380952381, 17: 95.23809523809523, 18: 7.738095238095238, 19: 1.1904761904761905, 20: 100.0, 21: 100.0, 22: 100.0, 23: 98.21428571428571, 24: 100.0, 25: 2.380952380952381, 26: 0.5952380952380952, 27: 77.38095238095238, 28: 98.80952380952381, 29: 97.02380952380952, 30: 2.380952380952381, 31: 7.142857142857142, 32: 91.66666666666666, 33: 95.83333333333334, 34: 12.5, 35: 61.904761904761905, 36: 52.976190476190474, 37: 25.0, 38: 41.66666666666667, 39: 4.761904761904762, 40: 54.761904761904766, 41: 42.26190476190476, 42: 97.61904761904762, 43: 100.0, 44: 70.83333333333334, 45: 98.21428571428571, 46: 70.83333333333334, 47: 99.40476190476191, 48: 60.71428571428571, 49: 1.1904761904761905, 50: 100.0, 51: 1.1904761904761905, 52: 97.02380952380952, 53: 82.73809523809523, 54: 98.21428571428571, 55: 63.095238095238095, 56: 0.5952380952380952, 57: 61.30952380952381, 58: 100.0, 59: 1.1904761904761905, 60: 100.0, 61: 96.42857142857143, 62: 80.95238095238095, 63: 100.0, 64: 98.80952380952381, 65: 100.0, 66: 97.02380952380952, 67: 2.380952380952381, 68: 100.0, 69: 76.19047619047619, 70: 1.1904761904761905, 71: 100.0, 72: 100.0, 73: 10.119047619047619, 74: 42.857142857142854, 75: 100.0, 76: 100.0, 77: 86.30952380952381, 78: 28.57142857142857, 79: 2.976190476190476, 80: 65.47619047619048, 81: 1.7857142857142856, 82: 92.85714285714286, 83: 81.54761904761905, 84: 1.7857142857142856, 85: 35.714285714285715, 86: 1.7857142857142856, 87: 100.0, 88: 16.071428571428573, 89: 100.0, 90: 6.547619047619048, 91: 98.21428571428571, 92: 100.0, 93: 94.04761904761905, 94: 17.261904761904763, 95: 36.30952380952381, 96: 20.833333333333336, 97: 1.7857142857142856, 98: 73.21428571428571, 99: 1.1904761904761905, 100: 67.26190476190477, 101: 1.7857142857142856, 102: 95.83333333333334, 103: 13.095238095238097, 104: 37.5, 105: 0.5952380952380952, 106: 19.047619047619047, 107: 7.738095238095238, 108: 98.21428571428571, 109: 99.40476190476191, 110: 42.26190476190476, 111: 100.0, 112: 99.40476190476191, 113: 98.21428571428571, 114: 86.30952380952381, 115: 1.1904761904761905, 116: 100.0, 117: 99.40476190476191, 118: 6.547619047619048, 119: 98.80952380952381, 120: 94.64285714285714, 121: 3.571428571428571, 122: 13.095238095238097, 123: 80.95238095238095, 124: 100.0, 125: 3.571428571428571, 126: 4.761904761904762, 127: 99.40476190476191, 128: 2.976190476190476, 129: 1.7857142857142856, 130: 89.28571428571429, 131: 66.66666666666666, 132: 26.785714285714285, 133: 69.64285714285714, 134: 1.7857142857142856, 135: 4.761904761904762, 136: 9.523809523809524, 137: 93.45238095238095, 138: 2.380952380952381, 139: 16.071428571428573, 140: 1.1904761904761905, 141: 98.21428571428571, 142: 57.738095238095234, 143: 7.142857142857142, 144: 23.214285714285715, 145: 66.66666666666666, 146: 47.61904761904761, 147: 17.857142857142858, 148: 3.571428571428571, 149: 38.095238095238095, 150: 90.47619047619048, 151: 100.0, 152: 94.64285714285714, 153: 17.261904761904763, 154: 97.61904761904762, 155: 94.04761904761905, 156: 8.928571428571429, 157: 92.26190476190477, 158: 2.380952380952381, 159: 100.0, 160: 100.0, 161: 32.142857142857146, 162: 1.1904761904761905, 163: 26.190476190476193, 164: 9.523809523809524, 165: 1.7857142857142856, 166: 3.571428571428571, 167: 89.88095238095238, 168: 75.59523809523809, 169: 19.642857142857142, 170: 78.57142857142857, 171: 5.357142857142857, 172: 85.71428571428571, 173: 80.95238095238095, 174: 25.0, 175: 1.1904761904761905, 176: 86.90476190476191, 177: 10.119047619047619, 178: 10.714285714285714, 179: 94.04761904761905, 180: 100.0, 181: 100.0, 182: 92.85714285714286, 183: 99.40476190476191, 184: 99.40476190476191, 185: 41.66666666666667, 186: 99.40476190476191, 187: 6.547619047619048, 188: 1.1904761904761905, 189: 97.02380952380952, 190: 1.1904761904761905, 191: 97.61904761904762, 192: 8.928571428571429, 193: 2.380952380952381, 194: 92.85714285714286, 195: 61.904761904761905, 196: 97.02380952380952, 197: 86.30952380952381, 198: 20.238095238095237, 199: 11.904761904761903, 200: 68.45238095238095, 201: 1.7857142857142856, 202: 98.21428571428571, 203: 98.80952380952381, 204: 100.0, 205: 96.42857142857143, 206: 6.547619047619048, 207: 4.761904761904762, 208: 58.92857142857143, 209: 2.380952380952381, 210: 89.88095238095238, 211: 22.023809523809522, 212: 38.69047619047619, 213: 51.78571428571429, 214: 15.476190476190476, 215: 1.7857142857142856, 216: 77.97619047619048, 217: 100.0, 218: 0.5952380952380952, 219: 1.7857142857142856, 220: 32.73809523809524, 221: 98.21428571428571, 222: 16.666666666666664, 223: 1.7857142857142856, 224: 100.0, 225: 70.23809523809523, 226: 7.738095238095238, 227: 8.928571428571429, 228: 93.45238095238095, 229: 97.61904761904762, 230: 68.45238095238095, 231: 0.5952380952380952, 232: 1.7857142857142856, 233: 1.1904761904761905}
